{
  "approximation_metadata": {
    "dependence_frame_count": 238,
    "dependence_sample_count": 4,
    "energy_frame_count": 100,
    "energy_sample_count": 8,
    "first_difference_generated_value_count": 10000,
    "first_difference_observed_value_count": 4761,
    "interval_finite_sample_reference": "uniform_order_statistic_expectation",
    "interval_quantile_method": "linear",
    "jensen_shannon_logarithm_base": "2",
    "marginal_generated_value_count": 10000,
    "marginal_observed_value_count": 4851,
    "metric_seed": 20260714
  },
  "dependence_diagnostics": {
    "generated_residual_lag_one_correlation_by_station": [
      0.543615545172512,
      0.538708184052983,
      0.47647556798900226,
      0.5502819755614036,
      0.48770936948017285,
      0.5355056152040062,
      0.5026251250223095,
      0.43193074105929397,
      0.4960448779330868,
      0.47431823927878325,
      0.44381400692482476,
      0.4394588320853634,
      0.5262753939490479,
      0.4389056907079818,
      0.4900773954090646,
      0.4678406966928963,
      0.4724928954645955,
      0.4737961680868006,
      0.5367652166712527,
      0.5022390618072132,
      0.5131851530224105
    ],
    "generated_residual_spatial_correlation": [
      [
        1.0,
        0.8910980201775169,
        0.04356494329636288,
        -0.6328099232848535,
        0.3012044549023686,
        -0.038350156313641644,
        0.7198260564639118,
        -0.37406347919964567,
        0.09778004001976864,
        0.31025351991981637,
        0.1304689413430538,
        -0.005471465408780255,
        -0.7038817914645064,
        0.6064900780647272,
        -0.16980234845744474,
        0.10229902033879326,
        -0.2679102724513766,
        -0.02860309935887307,
        0.5429446106908868,
        0.1446871608778196,
        0.34344998049627595
      ],
      [
        0.8910980201775169,
        1.0,
        -0.04814124398258946,
        -0.7303129893589172,
        0.35826114781254925,
        0.14126625717399258,
        0.6163313074200015,
        -0.11749215694620715,
        0.3059258999894986,
        0.10992362466606484,
        0.2727426891393943,
        -0.28963355487452064,
        -0.7744601213418552,
        0.6325314647233367,
        -0.22995865601418208,
        0.23071658935536088,
        -0.12768639941721924,
        0.24045563514631596,
        0.46199104437963945,
        0.2113591575672375,
        0.21014016014923137
      ],
      [
        0.04356494329636288,
        -0.04814124398258946,
        1.0,
        0.18700287971166632,
        -0.26107175957405565,
        -0.41740382155775757,
        0.18696045632476122,
        -0.3020617292574981,
        -0.7665769810798512,
        0.6089540888842446,
        -0.3358273139530479,
        0.7105585922550336,
        0.5308561592450438,
        0.39438445932899685,
        0.3535959043285883,
        -0.19909790363819832,
        -0.8157228392078937,
        -0.5596338553775179,
        0.2614478536700184,
        0.7529681317395525,
        0.37968148509989985
      ],
      [
        -0.6328099232848535,
        -0.7303129893589172,
        0.18700287971166632,
        1.0,
        -0.6169068518273767,
        -0.293722441198501,
        -0.5111382632332052,
        -0.05040062525087291,
        -0.22451522540405272,
        -0.1545508707248342,
        -0.05519713283043009,
        0.5018465203756777,
        0.7309956601189628,
        -0.32311096807774653,
        -0.11155142112117186,
        -0.6514732837353331,
        0.22430766368030752,
        -0.2530141712308123,
        -0.0905537538215832,
        -0.040154005853398,
        0.1464055495984644
      ],
      [
        0.3012044549023686,
        0.35826114781254925,
        -0.26107175957405565,
        -0.6169068518273767,
        1.0,
        0.4823851516421888,
        0.0260409244249643,
        -0.303814935765413,
        0.41757310561676786,
        -0.027333428388829597,
        0.027551593921855647,
        -0.5422876694378925,
        -0.6496754458181925,
        -0.00942864989375451,
        -0.17854761173156417,
        0.453788532030879,
        -0.06924023557556096,
        0.4020004249572958,
        -0.3431601738890103,
        -0.35767974442711153,
        -0.1557876138420765
      ],
      [
        -0.038350156313641644,
        0.14126625717399258,
        -0.41740382155775757,
        -0.293722441198501,
        0.4823851516421888,
        1.0,
        -0.4649763500136817,
        -0.08268416296922639,
        0.7406857473419945,
        -0.5799993089658046,
        0.17616776158674854,
        -0.5656277780745106,
        -0.4175147654868305,
        -0.43202345229968275,
        -0.4615150409389636,
        -0.09641176839547203,
        0.38887074274094563,
        0.8382120606518665,
        -0.48721944015859237,
        -0.20742419860870254,
        -0.1133340083990125
      ],
      [
        0.7198260564639118,
        0.6163313074200015,
        0.18696045632476122,
        -0.5111382632332052,
        0.0260409244249643,
        -0.4649763500136817,
        1.0,
        0.0015021251558456747,
        -0.36937747541598703,
        0.5611032842269417,
        -0.04621340982187879,
        0.06452284188672654,
        -0.3787201488426243,
        0.6218363499542144,
        0.29293452140619264,
        0.3818180745990415,
        -0.4422896851074109,
        -0.4064802371877764,
        0.48689716122780996,
        0.2946095367786945,
        0.009342904330349639
      ],
      [
        -0.37406347919964567,
        -0.11749215694620715,
        -0.3020617292574981,
        -0.05040062525087291,
        -0.303814935765413,
        -0.08268416296922639,
        0.0015021251558456747,
        1.0,
        -0.01839671604300356,
        -0.046627138907135275,
        0.22601549758223569,
        -0.3685659420601287,
        0.17515263434979708,
        -0.08841963813713546,
        0.46722652177989943,
        0.4977343010824823,
        0.28272260703989055,
        0.03339207202274371,
        -0.25201608050247626,
        0.0923872967611112,
        -0.5648024916472487
      ],
      [
        0.09778004001976864,
        0.3059258999894986,
        -0.7665769810798512,
        -0.22451522540405272,
        0.41757310561676786,
        0.7406857473419945,
        -0.36937747541598703,
        -0.01839671604300356,
        1.0,
        -0.7874967792333489,
        0.41708994232328017,
        -0.715160145302981,
        -0.6489324783821186,
        -0.2236575168125727,
        -0.6940864133237318,
        -0.07236933380499391,
        0.7306394773665584,
        0.8467302606788111,
        -0.19889824705525147,
        -0.5330570212877083,
        -0.09928540080164569
      ],
      [
        0.31025351991981637,
        0.10992362466606484,
        0.6089540888842446,
        -0.1545508707248342,
        -0.027333428388829597,
        -0.5799993089658046,
        0.5611032842269417,
        -0.046627138907135275,
        -0.7874967792333489,
        1.0,
        -0.05565569545655074,
        0.522483292456195,
        0.19641972327735469,
        0.27898069417100424,
        0.6664778836282673,
        0.3231894854324749,
        -0.7884950112196994,
        -0.6318842317355411,
        0.2595365774644344,
        0.5633327112830998,
        0.2716942055010673
      ],
      [
        0.1304689413430538,
        0.2727426891393943,
        -0.3358273139530479,
        -0.05519713283043009,
        0.027551593921855647,
        0.17616776158674854,
        -0.04621340982187879,
        0.22601549758223569,
        0.41708994232328017,
        -0.05565569545655074,
        1.0,
        -0.29643126848958645,
        -0.38653299845755706,
        0.004104862028884269,
        -0.12302828749820482,
        0.16623502067248633,
        0.3256428699573935,
        0.4370227148743211,
        0.03888783191667658,
        0.14737619446235364,
        0.058176741453952296
      ],
      [
        -0.005471465408780255,
        -0.28963355487452064,
        0.7105585922550336,
        0.5018465203756777,
        -0.5422876694378925,
        -0.5656277780745106,
        0.06452284188672654,
        -0.3685659420601287,
        -0.715160145302981,
        0.522483292456195,
        -0.29643126848958645,
        1.0,
        0.6548058975955362,
        0.07160250048873255,
        0.1899545270071093,
        -0.5237264648696608,
        -0.47992158514731864,
        -0.694971487715624,
        0.45019273962202644,
        0.36836608438955465,
        0.5801660478181704
      ],
      [
        -0.7038817914645064,
        -0.7744601213418552,
        0.5308561592450438,
        0.7309956601189628,
        -0.6496754458181925,
        -0.4175147654868305,
        -0.3787201488426243,
        0.17515263434979708,
        -0.6489324783821186,
        0.19641972327735469,
        -0.38653299845755706,
        0.6548058975955362,
        1.0,
        -0.26296939131282093,
        0.40199157550654735,
        -0.33376885500504266,
        -0.22809583268582218,
        -0.5318118049166333,
        -0.09273548355163908,
        0.27692756636607657,
        0.07295294168361752
      ],
      [
        0.6064900780647272,
        0.6325314647233367,
        0.39438445932899685,
        -0.32311096807774653,
        -0.00942864989375451,
        -0.43202345229968275,
        0.6218363499542144,
        -0.08841963813713546,
        -0.2236575168125727,
        0.27898069417100424,
        0.004104862028884269,
        0.07160250048873255,
        -0.26296939131282093,
        1.0,
        0.10638551848366526,
        0.2105764672425668,
        -0.39530182580567014,
        -0.3865814498180904,
        0.43965437682142205,
        0.40020379000662537,
        -0.010632075466766209
      ],
      [
        -0.16980234845744474,
        -0.22995865601418208,
        0.3535959043285883,
        -0.11155142112117186,
        -0.17854761173156417,
        -0.4615150409389636,
        0.29293452140619264,
        0.46722652177989943,
        -0.6940864133237318,
        0.6664778836282673,
        -0.12302828749820482,
        0.1899545270071093,
        0.40199157550654735,
        0.10638551848366526,
        1.0,
        0.6043453933672801,
        -0.6120395435781967,
        -0.6005895596844297,
        -0.22723826961993626,
        0.4217948473968236,
        -0.3099898554332193
      ],
      [
        0.10229902033879326,
        0.23071658935536088,
        -0.19909790363819832,
        -0.6514732837353331,
        0.453788532030879,
        -0.09641176839547203,
        0.3818180745990415,
        0.4977343010824823,
        -0.07236933380499391,
        0.3231894854324749,
        0.16623502067248633,
        -0.5237264648696608,
        -0.33376885500504266,
        0.2105764672425668,
        0.6043453933672801,
        1.0,
        -0.23166236711052046,
        -0.051001909743090545,
        -0.2712583551392831,
        0.01135217215388952,
        -0.5865330532037522
      ],
      [
        -0.2679102724513766,
        -0.12768639941721924,
        -0.8157228392078937,
        0.22430766368030752,
        -0.06924023557556096,
        0.38887074274094563,
        -0.4422896851074109,
        0.28272260703989055,
        0.7306394773665584,
        -0.7884950112196994,
        0.3256428699573935,
        -0.47992158514731864,
        -0.22809583268582218,
        -0.39530182580567014,
        -0.6120395435781967,
        -0.23166236711052046,
        1.0,
        0.5645429335324956,
        -0.15858915032414608,
        -0.6280866365397099,
        -0.2753134296321382
      ],
      [
        -0.02860309935887307,
        0.24045563514631596,
        -0.5596338553775179,
        -0.2530141712308123,
        0.4020004249572958,
        0.8382120606518665,
        -0.4064802371877764,
        0.03339207202274371,
        0.8467302606788111,
        -0.6318842317355411,
        0.4370227148743211,
        -0.694971487715624,
        -0.5318118049166333,
        -0.3865814498180904,
        -0.6005895596844297,
        -0.051001909743090545,
        0.5645429335324956,
        1.0,
        -0.22912555559052966,
        -0.21167573559252548,
        0.0029395434121135063
      ],
      [
        0.5429446106908868,
        0.46199104437963945,
        0.2614478536700184,
        -0.0905537538215832,
        -0.3431601738890103,
        -0.48721944015859237,
        0.48689716122780996,
        -0.25201608050247626,
        -0.19889824705525147,
        0.2595365774644344,
        0.03888783191667658,
        0.45019273962202644,
        -0.09273548355163908,
        0.43965437682142205,
        -0.22723826961993626,
        -0.2712583551392831,
        -0.15858915032414608,
        -0.22912555559052966,
        1.0,
        0.2407433279566784,
        0.6655886670274915
      ],
      [
        0.1446871608778196,
        0.2113591575672375,
        0.7529681317395525,
        -0.040154005853398,
        -0.35767974442711153,
        -0.20742419860870254,
        0.2946095367786945,
        0.0923872967611112,
        -0.5330570212877083,
        0.5633327112830998,
        0.14737619446235364,
        0.36836608438955465,
        0.27692756636607657,
        0.40020379000662537,
        0.4217948473968236,
        0.01135217215388952,
        -0.6280866365397099,
        -0.21167573559252548,
        0.2407433279566784,
        1.0,
        0.266380913342396
      ],
      [
        0.34344998049627595,
        0.21014016014923137,
        0.37968148509989985,
        0.1464055495984644,
        -0.1557876138420765,
        -0.1133340083990125,
        0.009342904330349639,
        -0.5648024916472487,
        -0.09928540080164569,
        0.2716942055010673,
        0.058176741453952296,
        0.5801660478181704,
        0.07295294168361752,
        -0.010632075466766209,
        -0.3099898554332193,
        -0.5865330532037522,
        -0.2753134296321382,
        0.0029395434121135063,
        0.6655886670274915,
        0.266380913342396,
        1.0
      ]
    ],
    "observed_residual_lag_one_correlation_by_station": [
      0.7318673525014359,
      0.727958843852529,
      0.8286928853780264,
      0.8088565039185354,
      0.7919170126965973,
      0.8360116379388317,
      0.7861934013600468,
      0.770198578273205,
      0.80118254851148,
      0.8408987654702187,
      0.8303066771268474,
      0.8527112508970113,
      0.7882690558379946,
      0.746126296240169,
      0.7032854373828823,
      0.6546899577404321,
      0.72225366610701,
      0.8128424033955776,
      0.8181191092790668,
      0.6696483258498601,
      0.7723790152471804
    ],
    "observed_residual_spatial_correlation": [
      [
        1.0,
        0.7105480473808204,
        0.4387075661073846,
        0.18682873496548721,
        0.2346743462263873,
        0.1404022769891466,
        -0.06348084605619407,
        -0.11747022759442509,
        -0.050300529483799275,
        -0.0856514333600043,
        0.00418536170002866,
        0.12884612205410037,
        -0.013069205469025626,
        -0.09855490535668861,
        0.051217293308882965,
        -0.15139734516099015,
        -0.16009299254795858,
        -0.13608389769454823,
        -0.1611416780800882,
        -0.024794146249096243,
        0.09546272642588093
      ],
      [
        0.7105480473808204,
        1.0,
        0.713050795890115,
        0.49693820488413326,
        0.5132739319303173,
        0.4091062396032662,
        0.20084117781421815,
        0.07143277496840122,
        0.16571043609495323,
        0.11054197528278449,
        0.2444829401292059,
        0.38742793172074935,
        0.1963229803518081,
        0.15192721872324183,
        0.17360993747510628,
        -0.06405844911042945,
        -0.06130420658132401,
        -0.2104984616044349,
        -0.2016111199627835,
        -0.18165856781278406,
        -0.11305338202685013
      ],
      [
        0.4387075661073846,
        0.713050795890115,
        1.0,
        0.711673651910926,
        0.6814336870592179,
        0.5921813947814516,
        0.36901492314644707,
        0.24033834381841832,
        0.3128272641293145,
        0.18384275645741455,
        0.30581631997270775,
        0.38386137742016246,
        0.31349797806601715,
        0.18025120155228574,
        0.16274399806938927,
        0.01124445754346851,
        -0.0010641759092894108,
        -0.17629919530204585,
        -0.21670005405407658,
        -0.12506377384243395,
        -0.19935515076194602
      ],
      [
        0.18682873496548721,
        0.49693820488413326,
        0.711673651910926,
        1.0,
        0.7652219259816,
        0.7780130160933595,
        0.5549341505882345,
        0.32756643849531325,
        0.36736466051065364,
        0.20478202241401172,
        0.3134316197325844,
        0.23551477740258095,
        0.20986562009738965,
        0.10676719293122948,
        0.02608874218911259,
        -0.008475527041657698,
        0.17593292109790284,
        0.05580117626907681,
        -0.03890579353378018,
        -0.050567577800180154,
        -0.14755050205362308
      ],
      [
        0.2346743462263873,
        0.5132739319303173,
        0.6814336870592179,
        0.7652219259816,
        1.0,
        0.7380673406965015,
        0.6076906019179766,
        0.42785464284984404,
        0.505933294338029,
        0.39372257079572937,
        0.4158702895292683,
        0.4029435736961338,
        0.2972617056301043,
        0.2801600371714626,
        0.2272886871987461,
        0.1773544844781273,
        0.16943752929711717,
        0.072624100423509,
        0.19191619681803906,
        0.10641976476295255,
        -0.02315056092560623
      ],
      [
        0.1404022769891466,
        0.4091062396032662,
        0.5921813947814516,
        0.7780130160933595,
        0.7380673406965015,
        1.0,
        0.7493975717677231,
        0.4695602109715211,
        0.4406672323301334,
        0.09339009013242376,
        0.2677685975188232,
        0.27727045896755964,
        0.2045350167450175,
        0.1391720775058753,
        0.11160545912786614,
        0.05061469562128526,
        0.2260653025616192,
        0.09328195482983448,
        0.04283686302208641,
        0.06370819509545228,
        -0.10340698146949033
      ],
      [
        -0.06348084605619407,
        0.20084117781421815,
        0.36901492314644707,
        0.5549341505882345,
        0.6076906019179766,
        0.7493975717677231,
        1.0,
        0.7495411499304476,
        0.5393865059813211,
        0.2889544078372038,
        0.24803587890365972,
        0.20956556591768966,
        0.13728771291866054,
        0.1758843812809391,
        0.12386114015069068,
        0.14438940000621925,
        0.19538457000244205,
        0.1053028739489804,
        0.21575914300318733,
        0.17584498805401874,
        -0.0005201720570654006
      ],
      [
        -0.11747022759442509,
        0.07143277496840122,
        0.24033834381841832,
        0.32756643849531325,
        0.42785464284984404,
        0.4695602109715211,
        0.7495411499304476,
        1.0,
        0.773701666983977,
        0.5863722594852312,
        0.5018774114552086,
        0.3548016972999855,
        0.331157935491802,
        0.2875274505696345,
        0.2025833796373986,
        0.2973456100400274,
        0.26360903148188347,
        0.13723061449654098,
        0.2968811348207022,
        0.28497426684906785,
        0.18262947880215236
      ],
      [
        -0.050300529483799275,
        0.16571043609495323,
        0.3128272641293145,
        0.36736466051065364,
        0.505933294338029,
        0.4406672323301334,
        0.5393865059813211,
        0.773701666983977,
        1.0,
        0.794307986747541,
        0.7280671021901295,
        0.574007453356436,
        0.5381828166090722,
        0.428791843674443,
        0.2782332300799171,
        0.3237683813291258,
        0.2892363763243368,
        0.3215526354760358,
        0.3318438652748927,
        0.25973855466404056,
        0.2087587814810343
      ],
      [
        -0.0856514333600043,
        0.11054197528278449,
        0.18384275645741455,
        0.20478202241401172,
        0.39372257079572937,
        0.09339009013242376,
        0.2889544078372038,
        0.5863722594852312,
        0.794307986747541,
        1.0,
        0.8054186335374353,
        0.6474559423296514,
        0.5894790299633583,
        0.5274867849920108,
        0.3487678658259797,
        0.3836127391124224,
        0.2378983544717408,
        0.21486517582284453,
        0.42660855051799906,
        0.21874119485730617,
        0.31317395438675283
      ],
      [
        0.00418536170002866,
        0.2444829401292059,
        0.30581631997270775,
        0.3134316197325844,
        0.4158702895292683,
        0.2677685975188232,
        0.24803587890365972,
        0.5018774114552086,
        0.7280671021901295,
        0.8054186335374353,
        1.0,
        0.8349983469835984,
        0.7161669017484731,
        0.622929433270657,
        0.5147520575130369,
        0.3063942787135417,
        0.3503784683634119,
        0.19928237019290373,
        0.3584892903748278,
        0.15036959726614657,
        0.1481007374059915
      ],
      [
        0.12884612205410037,
        0.38742793172074935,
        0.38386137742016246,
        0.23551477740258095,
        0.4029435736961338,
        0.27727045896755964,
        0.20956556591768966,
        0.3548016972999855,
        0.574007453356436,
        0.6474559423296514,
        0.8349983469835984,
        1.0,
        0.8013007950424935,
        0.7384740331635959,
        0.6241961411112581,
        0.31382868403660513,
        0.20090523613697442,
        0.02242508119055287,
        0.191758854730585,
        0.07703947905155219,
        0.029805574955124123
      ],
      [
        -0.013069205469025626,
        0.1963229803518081,
        0.31349797806601715,
        0.20986562009738965,
        0.2972617056301043,
        0.2045350167450175,
        0.13728771291866054,
        0.331157935491802,
        0.5381828166090722,
        0.5894790299633583,
        0.7161669017484731,
        0.8013007950424935,
        1.0,
        0.8078421515091395,
        0.6497598430566023,
        0.45517965801778776,
        0.3864573985846826,
        0.27091360875896153,
        0.31906952181928266,
        0.24548837969334325,
        0.14147938526778203
      ],
      [
        -0.09855490535668861,
        0.15192721872324183,
        0.18025120155228574,
        0.10676719293122948,
        0.2801600371714626,
        0.1391720775058753,
        0.1758843812809391,
        0.2875274505696345,
        0.428791843674443,
        0.5274867849920108,
        0.622929433270657,
        0.7384740331635959,
        0.8078421515091395,
        1.0,
        0.7455873540724964,
        0.5854039369814615,
        0.4436818910443332,
        0.258260931361076,
        0.42202981508158555,
        0.2462038027475804,
        0.18423868804062632
      ],
      [
        0.051217293308882965,
        0.17360993747510628,
        0.16274399806938927,
        0.02608874218911259,
        0.2272886871987461,
        0.11160545912786614,
        0.12386114015069068,
        0.2025833796373986,
        0.2782332300799171,
        0.3487678658259797,
        0.5147520575130369,
        0.6241961411112581,
        0.6497598430566023,
        0.7455873540724964,
        1.0,
        0.6731194463580763,
        0.5026240340880592,
        0.24211192133786652,
        0.31855398510171745,
        0.23989570371976754,
        0.04913572523516036
      ],
      [
        -0.15139734516099015,
        -0.06405844911042945,
        0.01124445754346851,
        -0.008475527041657698,
        0.1773544844781273,
        0.05061469562128526,
        0.14438940000621925,
        0.2973456100400274,
        0.3237683813291258,
        0.3836127391124224,
        0.3063942787135417,
        0.31382868403660513,
        0.45517965801778776,
        0.5854039369814615,
        0.6731194463580763,
        1.0,
        0.6917034468114196,
        0.5079541224827943,
        0.5298670260961912,
        0.3941754532645067,
        0.32344411674750595
      ],
      [
        -0.16009299254795858,
        -0.06130420658132401,
        -0.0010641759092894108,
        0.17593292109790284,
        0.16943752929711717,
        0.2260653025616192,
        0.19538457000244205,
        0.26360903148188347,
        0.2892363763243368,
        0.2378983544717408,
        0.3503784683634119,
        0.20090523613697442,
        0.3864573985846826,
        0.4436818910443332,
        0.5026240340880592,
        0.6917034468114196,
        1.0,
        0.7319879975394324,
        0.6240043075775072,
        0.44443020323683685,
        0.3572413459561766
      ],
      [
        -0.13608389769454823,
        -0.2104984616044349,
        -0.17629919530204585,
        0.05580117626907681,
        0.072624100423509,
        0.09328195482983448,
        0.1053028739489804,
        0.13723061449654098,
        0.3215526354760358,
        0.21486517582284453,
        0.19928237019290373,
        0.02242508119055287,
        0.27091360875896153,
        0.258260931361076,
        0.24211192133786652,
        0.5079541224827943,
        0.7319879975394324,
        1.0,
        0.7002918250186534,
        0.5691069413763735,
        0.5254562257342746
      ],
      [
        -0.1611416780800882,
        -0.2016111199627835,
        -0.21670005405407658,
        -0.03890579353378018,
        0.19191619681803906,
        0.04283686302208641,
        0.21575914300318733,
        0.2968811348207022,
        0.3318438652748927,
        0.42660855051799906,
        0.3584892903748278,
        0.191758854730585,
        0.31906952181928266,
        0.42202981508158555,
        0.31855398510171745,
        0.5298670260961912,
        0.6240043075775072,
        0.7002918250186534,
        1.0,
        0.7532926702943846,
        0.7291050082386589
      ],
      [
        -0.024794146249096243,
        -0.18165856781278406,
        -0.12506377384243395,
        -0.050567577800180154,
        0.10641976476295255,
        0.06370819509545228,
        0.17584498805401874,
        0.28497426684906785,
        0.25973855466404056,
        0.21874119485730617,
        0.15036959726614657,
        0.07703947905155219,
        0.24548837969334325,
        0.2462038027475804,
        0.23989570371976754,
        0.3941754532645067,
        0.44443020323683685,
        0.5691069413763735,
        0.7532926702943846,
        1.0,
        0.7258249441902447
      ],
      [
        0.09546272642588093,
        -0.11305338202685013,
        -0.19935515076194602,
        -0.14755050205362308,
        -0.02315056092560623,
        -0.10340698146949033,
        -0.0005201720570654006,
        0.18262947880215236,
        0.2087587814810343,
        0.31317395438675283,
        0.1481007374059915,
        0.029805574955124123,
        0.14147938526778203,
        0.18423868804062632,
        0.04913572523516036,
        0.32344411674750595,
        0.3572413459561766,
        0.5254562257342746,
        0.7291050082386589,
        0.7258249441902447,
        1.0
      ]
    ]
  },
  "global_metrics": {
    "abs_exceedance_error_q95": 0.046176046176046176,
    "abs_exceedance_error_q99": 0.006802721088435374,
    "abs_quantile_error_q95_m": 0.13323315717279915,
    "abs_quantile_error_q99_m": 0.20392316028475752,
    "crps_m": 0.07493487147159156,
    "dimension_normalized_energy_score_m": 0.10078421465709451,
    "energy_score_m": 0.4555217347383245,
    "error_jensen_shannon_distance": 0.4722441987750007,
    "first_difference_jensen_shannon_distance": 0.5828501006698453,
    "generated_abs_exceedance_q95": 0.0,
    "generated_abs_exceedance_q99": 0.0,
    "generated_abs_q95_m": 0.09272729866206643,
    "generated_abs_q99_m": 0.12706012085080157,
    "observed_abs_exceedance_q95": 0.046176046176046176,
    "observed_abs_exceedance_q99": 0.006802721088435374,
    "observed_abs_q95_m": 0.22596045583486557,
    "observed_abs_q99_m": 0.3309832811355591,
    "predictive_mean_mae_m": 0.07633201218027062,
    "predictive_mean_rmse_m": 0.11098070738442599,
    "residual_lag_one_correlation_mae": 0.2834449034966634,
    "residual_spatial_correlation_rmse": 0.5714816842304543
  },
  "interval_metrics": {
    "0.50": {
      "finite_ensemble": {
        "central_rank_lower_1_based": 2,
        "central_rank_meets_nominal_coverage": true,
        "central_rank_reference_coverage": 0.5555555555555556,
        "central_rank_upper_1_based": 7,
        "empirical_minus_linear_uniform_reference": -0.37322201607915895,
        "ensemble_sample_count": 8,
        "interpretation": "finite-ensemble diagnostic only; final calibration conclusions require a larger predictive ensemble or a separately specified rank-based interval",
        "linear_uniform_reference_coverage": 0.3888888888888889,
        "quantile_method": "linear"
      },
      "global_empirical_coverage": 0.01566687280972995,
      "global_mean_width_m": 0.003326443414790531,
      "nominal_coverage": 0.5,
      "station_empirical_coverage": [
        0.004201680672268907,
        0.012605042016806723,
        0.025210084033613446,
        0.037815126050420166,
        0.004201680672268907,
        0.01680672268907563,
        0.01680672268907563,
        0.01680672268907563,
        0.029411764705882353,
        0.01680672268907563,
        0.008403361344537815,
        0.025210084033613446,
        0.03361344537815126,
        0.01680672268907563,
        0.012605042016806723,
        0.004201680672268907,
        0.008403361344537815,
        0.008771929824561403,
        0.009615384615384616,
        0.005208333333333333,
        0.011299435028248588
      ],
      "station_mean_width_m": [
        0.0005633765478186044,
        0.0007446670445942265,
        0.0008691234976109978,
        0.0012370488496825976,
        0.0008873727770342233,
        0.0016656213845008937,
        0.001797695825181651,
        0.0014474773202326242,
        0.004802653635460727,
        0.002926848976512854,
        0.002132364737550814,
        0.0038850612414045994,
        0.0075860822009814885,
        0.0033406646620920476,
        0.006700695866030179,
        0.0045368976621035515,
        0.005245317703019045,
        0.004654392009813404,
        0.004783317538497683,
        0.0053185645265330095,
        0.006053482181008506
      ]
    },
    "0.90": {
      "finite_ensemble": {
        "central_rank_lower_1_based": 1,
        "central_rank_meets_nominal_coverage": false,
        "central_rank_reference_coverage": 0.7777777777777778,
        "central_rank_upper_1_based": 8,
        "empirical_minus_linear_uniform_reference": -0.6674293960008245,
        "ensemble_sample_count": 8,
        "interpretation": "finite-ensemble diagnostic only; final calibration conclusions require a larger predictive ensemble or a separately specified rank-based interval",
        "linear_uniform_reference_coverage": 0.7,
        "quantile_method": "linear"
      },
      "global_empirical_coverage": 0.032570603999175426,
      "global_mean_width_m": 0.0071146027306164305,
      "nominal_coverage": 0.9,
      "station_empirical_coverage": [
        0.01680672268907563,
        0.012605042016806723,
        0.029411764705882353,
        0.0546218487394958,
        0.008403361344537815,
        0.03361344537815126,
        0.02100840336134454,
        0.03361344537815126,
        0.07983193277310924,
        0.029411764705882353,
        0.025210084033613446,
        0.04201680672268908,
        0.08403361344537816,
        0.01680672268907563,
        0.029411764705882353,
        0.029411764705882353,
        0.029411764705882353,
        0.017543859649122806,
        0.028846153846153848,
        0.026041666666666668,
        0.03389830508474576
      ],
      "station_mean_width_m": [
        0.0011890694263464322,
        0.0015755047263507143,
        0.0018763420636474127,
        0.00260138088561391,
        0.0019267872063943939,
        0.0035653846776660743,
        0.0037962601107286932,
        0.0032090529909028728,
        0.010072092425485117,
        0.006195523283647825,
        0.004634263040302242,
        0.008508755144772721,
        0.015572843752300539,
        0.007464153972305669,
        0.014106441259055452,
        0.009828102660654972,
        0.011060232043798482,
        0.009995281178373516,
        0.010342722031502768,
        0.011599840653070714,
        0.01325535032856094
      ]
    },
    "0.95": {
      "finite_ensemble": {
        "central_rank_lower_1_based": 1,
        "central_rank_meets_nominal_coverage": false,
        "central_rank_reference_coverage": 0.7777777777777778,
        "central_rank_upper_1_based": 8,
        "empirical_minus_linear_uniform_reference": -0.7030199958771388,
        "ensemble_sample_count": 8,
        "interpretation": "finite-ensemble diagnostic only; final calibration conclusions require a larger predictive ensemble or a separately specified rank-based interval",
        "linear_uniform_reference_coverage": 0.7388888888888889,
        "quantile_method": "linear"
      },
      "global_empirical_coverage": 0.035868893011750155,
      "global_mean_width_m": 0.007681779188675931,
      "nominal_coverage": 0.95,
      "station_empirical_coverage": [
        0.025210084033613446,
        0.02100840336134454,
        0.04201680672268908,
        0.058823529411764705,
        0.012605042016806723,
        0.03361344537815126,
        0.025210084033613446,
        0.03361344537815126,
        0.07983193277310924,
        0.037815126050420166,
        0.029411764705882353,
        0.04201680672268908,
        0.08823529411764706,
        0.01680672268907563,
        0.029411764705882353,
        0.029411764705882353,
        0.03361344537815126,
        0.017543859649122806,
        0.03365384615384615,
        0.026041666666666668,
        0.03389830508474576
      ],
      "station_mean_width_m": [
        0.0012875450080127465,
        0.001701337798105302,
        0.002031121540072613,
        0.002806096827413715,
        0.0020767129901913973,
        0.0038496160208631087,
        0.00410341206877375,
        0.003489948425661115,
        0.010843410697460427,
        0.006674981369155638,
        0.005029111536818423,
        0.009238487604649407,
        0.016742398504543454,
        0.008085626227577695,
        0.015169823581955452,
        0.010622286118034804,
        0.011944500556090426,
        0.010792761287864359,
        0.011173550772946326,
        0.01257148132499424,
        0.014293734910292814
      ]
    }
  },
  "model_name": "recurrent_conditional_gan",
  "observed_value_count": 4851,
  "s_grid_m": [
    0.0,
    5.0,
    10.0,
    15.0,
    20.0,
    25.0,
    30.0,
    35.0,
    40.0,
    45.0,
    50.0,
    55.0,
    60.0,
    65.0,
    70.0,
    75.0,
    80.0,
    85.0,
    90.0,
    95.0,
    100.0
  ],
  "sample_count": 8,
  "scenario": "nonlinear_heavy_tailed",
  "schema_version": "1.1.0",
  "sequence_count": 4,
  "station_metrics": {
    "crps_m": [
      0.014061611996855836,
      0.01742906152323959,
      0.023533033106349566,
      0.02936969157666635,
      0.03506824912083251,
      0.05327048051907038,
      0.041157240206654525,
      0.046627549677923374,
      0.061271579252757,
      0.07427220033937107,
      0.08059365739230265,
      0.08865620917824053,
      0.08586455565203041,
      0.08858425063030949,
      0.10038766913796372,
      0.09670290398855072,
      0.11690253366010867,
      0.13485264685579368,
      0.14358090732093842,
      0.13808511856738429,
      0.14458981368124765
    ],
    "observation_count": [
      238,
      238,
      238,
      238,
      238,
      238,
      238,
      238,
      238,
      238,
      238,
      238,
      238,
      238,
      238,
      238,
      238,
      228,
      208,
      192,
      177
    ],
    "predictive_mean_mae_m": [
      0.014300435489812911,
      0.017743152917303807,
      0.02389494269102536,
      0.029864583149305454,
      0.03545125351094704,
      0.05397695159877576,
      0.04191041957767252,
      0.04725641714780251,
      0.06317883881482496,
      0.07549083186606995,
      0.08150871797004262,
      0.09030393368876129,
      0.08888382518617778,
      0.09005692731480246,
      0.10317635360641499,
      0.09864970967873506,
      0.11909690773713269,
      0.13684568768714375,
      0.1456067071060086,
      0.14038622000149795,
      0.1472107622171305
    ],
    "predictive_mean_rmse_m": [
      0.017816847998472773,
      0.02258859284333532,
      0.031136924193573785,
      0.039105854950005514,
      0.04614331327637095,
      0.06763911892142166,
      0.05381277645591802,
      0.064480467849451,
      0.08686397074038739,
      0.10219812976118123,
      0.11126580748701947,
      0.11958896433294845,
      0.11926458038484529,
      0.11789825969148625,
      0.12884320159923726,
      0.12233892818790917,
      0.14602548523195685,
      0.17176457458109623,
      0.1830955112597755,
      0.17385778615587455,
      0.1881493317392374
    ]
  }
}
