{
  "architecture": {
    "condition_size": 6,
    "context_hidden_size": 64,
    "context_layers": 2,
    "dense_hidden_size": 64,
    "discriminator_hidden_size": 64,
    "discriminator_layers": 2,
    "latent_size": 32,
    "noise_hidden_size": 64,
    "noise_layers": 1,
    "target_mask_input": "enabled_leem_adaptation",
    "target_size": 21
  },
  "common_evaluation": {
    "approximation_metadata": {
      "dependence_frame_count": 2784,
      "dependence_sample_count": 16,
      "energy_frame_count": 1000,
      "energy_sample_count": 16,
      "first_difference_generated_value_count": 50000,
      "first_difference_observed_value_count": 50000,
      "interval_finite_sample_reference": "uniform_order_statistic_expectation",
      "interval_quantile_method": "linear",
      "jensen_shannon_logarithm_base": "2",
      "marginal_generated_value_count": 50000,
      "marginal_observed_value_count": 50000,
      "metric_seed": 20260714
    },
    "dependence_diagnostics": {
      "generated_residual_lag_one_correlation_by_station": [
        0.444543684670879,
        0.4556074916561343,
        0.45614153886172515,
        0.44805816109762653,
        0.4743932404245984,
        0.4692777601204492,
        0.41812160898267114,
        0.46389169922790696,
        0.4621273957073876,
        0.4560429457659445,
        0.4643898272503234,
        0.4394621773246874,
        0.4682064464664995,
        0.45005256565587015,
        0.4970049954177341,
        0.4739297080027868,
        0.46442410901556214,
        0.44400208940331964,
        0.46148043135233224,
        0.449067535177922,
        0.45838083063413626
      ],
      "generated_residual_spatial_correlation": [
        [
          1.0,
          -0.03224067566557914,
          0.220481939358517,
          0.1879310807330806,
          0.0797529655095198,
          0.1313021993128739,
          -0.15941831983422727,
          -0.4070557281073942,
          -0.2823033136918858,
          -0.1288479316667952,
          -0.005137238767688583,
          -0.09469144581807488,
          0.10776327145603767,
          -0.06492125513985353,
          -0.1073777255659056,
          -0.08625460836243679,
          0.1216355194513381,
          -0.3625108781318044,
          -0.0701411432859614,
          0.18504033730719704,
          0.22302077366526127
        ],
        [
          -0.03224067566557914,
          1.0,
          0.266394638191736,
          -0.17748769700423206,
          -0.14058902700567755,
          -0.1161433039682278,
          0.1068821464852447,
          0.23338821569104837,
          -0.0795842845462262,
          0.12363582664651147,
          -0.03609922856971265,
          -0.1764097598602405,
          -0.09216513566661705,
          -0.22635656836886608,
          -0.011522845975807097,
          0.08561571056312152,
          0.44758306643976303,
          0.4390850270491459,
          -0.22705962268190977,
          0.34861989904221297,
          0.3065629057003214
        ],
        [
          0.220481939358517,
          0.266394638191736,
          1.0,
          0.07951066662768648,
          -0.22591743668057937,
          -0.1698992831693279,
          -0.025821797782728112,
          -0.14522736527033506,
          -0.08735260845109719,
          0.033402378374912424,
          -0.05614380767385824,
          -0.33844005774816277,
          0.020536477515514677,
          -0.17124101686096313,
          0.1001624678130871,
          -0.05348779965004082,
          0.24782245466434935,
          0.1427621871764771,
          -0.1150275946887726,
          0.19008526765389813,
          0.3719417707341005
        ],
        [
          0.1879310807330806,
          -0.17748769700423206,
          0.07951066662768648,
          1.0,
          0.22465417688153907,
          0.035327907372287914,
          0.037362596189409125,
          0.007301642830784322,
          -0.15269230665430145,
          0.19416658552487498,
          0.04255723405780787,
          0.12716800824974672,
          0.1343528968438565,
          -0.009889326291141443,
          -0.3594034643816965,
          -0.05243786091592124,
          -0.06285908774555586,
          -0.3051256773614594,
          0.302062307470716,
          -0.014057569654706661,
          0.14729236055151043
        ],
        [
          0.0797529655095198,
          -0.14058902700567755,
          -0.22591743668057937,
          0.22465417688153907,
          1.0,
          0.05110326953303203,
          0.18959132816553007,
          0.1948724404885585,
          0.23131653828549079,
          -0.09565015154941313,
          -0.008727383915281276,
          -0.030849731195134237,
          -0.4885462798705031,
          0.2645289345455701,
          -0.3506332210832556,
          -0.08745914321254077,
          -0.2221112614057911,
          -0.20038358164079076,
          -0.177365915938036,
          -0.044061085954146685,
          0.06800972066925029
        ],
        [
          0.1313021993128739,
          -0.1161433039682278,
          -0.1698992831693279,
          0.035327907372287914,
          0.05110326953303203,
          1.0,
          0.002067028126085889,
          0.14690948784853758,
          -0.06611687014681315,
          0.31758754890387036,
          -0.283297154956414,
          -0.01042463151460987,
          0.34065543578029184,
          0.1395983022586369,
          -0.08407083304590897,
          -0.11832740965054402,
          0.09636383743744742,
          -0.19846819020111656,
          -0.34055673959875815,
          0.030521218287159542,
          -0.14976059933193198
        ],
        [
          -0.15941831983422727,
          0.1068821464852447,
          -0.025821797782728112,
          0.037362596189409125,
          0.18959132816553007,
          0.002067028126085889,
          1.0,
          0.2884114354553361,
          0.2573597176797469,
          0.019675423786699127,
          -0.1925638376043843,
          0.19604282287731123,
          -0.27515854784368504,
          0.20704053534182956,
          0.06752624867282703,
          -0.24067083357085914,
          -0.034834736011204764,
          -0.07021877208945229,
          -0.08115854115124974,
          -0.27597063567368274,
          0.14246610280375543
        ],
        [
          -0.4070557281073942,
          0.23338821569104837,
          -0.14522736527033506,
          0.007301642830784322,
          0.1948724404885585,
          0.14690948784853758,
          0.2884114354553361,
          1.0,
          0.33771452780238886,
          0.26156424921683574,
          -0.2343460007952471,
          -0.010235935035610887,
          -0.15560554308658855,
          0.2521032886257442,
          0.06360165890052359,
          0.023502523233658437,
          0.029200196045521803,
          0.23284934983188532,
          -0.03843259603549388,
          -0.025164797730449075,
          -0.06143120739190949
        ],
        [
          -0.2823033136918858,
          -0.0795842845462262,
          -0.08735260845109719,
          -0.15269230665430145,
          0.23131653828549079,
          -0.06611687014681315,
          0.2573597176797469,
          0.33771452780238886,
          1.0,
          0.012200475152525068,
          -0.11017541904546545,
          -0.300771200026314,
          -0.22404587083662608,
          0.2645341221409184,
          0.20094748897596035,
          -0.3801170262463267,
          -0.21552319461774289,
          0.18220514958698203,
          -0.3038642843775687,
          0.02771907283528494,
          -0.08728605650170408
        ],
        [
          -0.1288479316667952,
          0.12363582664651147,
          0.033402378374912424,
          0.19416658552487498,
          -0.09565015154941313,
          0.31758754890387036,
          0.019675423786699127,
          0.26156424921683574,
          0.012200475152525068,
          1.0,
          -0.2219100315917389,
          -0.11022534365747311,
          0.25842421285897127,
          0.07008983879988138,
          -0.22974623931699034,
          -0.23426209244435464,
          0.16121697209431315,
          0.1285047284697889,
          -0.05296921115949239,
          0.058406631849770296,
          0.1415585163917509
        ],
        [
          -0.005137238767688583,
          -0.03609922856971265,
          -0.05614380767385824,
          0.04255723405780787,
          -0.008727383915281276,
          -0.283297154956414,
          -0.1925638376043843,
          -0.2343460007952471,
          -0.11017541904546545,
          -0.2219100315917389,
          1.0,
          0.1684375020934598,
          0.227265390589208,
          -0.1041017298333336,
          -0.01461589108899151,
          0.280783062588213,
          -0.2855549940863871,
          -0.14389903119419342,
          0.25367473625868936,
          0.18023169675685916,
          -0.06985628733894643
        ],
        [
          -0.09469144581807488,
          -0.1764097598602405,
          -0.33844005774816277,
          0.12716800824974672,
          -0.030849731195134237,
          -0.01042463151460987,
          0.19604282287731123,
          -0.010235935035610887,
          -0.300771200026314,
          -0.11022534365747311,
          0.1684375020934598,
          1.0,
          0.01367661362445224,
          -0.032047821323046455,
          -0.1816397268142174,
          0.25069104833775485,
          -0.10194928614804791,
          -0.12999003093271883,
          0.4520290385782252,
          -0.3954246475348327,
          -0.08247855986753817
        ],
        [
          0.10776327145603767,
          -0.09216513566661705,
          0.020536477515514677,
          0.1343528968438565,
          -0.4885462798705031,
          0.34065543578029184,
          -0.27515854784368504,
          -0.15560554308658855,
          -0.22404587083662608,
          0.25842421285897127,
          0.227265390589208,
          0.01367661362445224,
          1.0,
          -0.13475227549874624,
          -0.03724048302249138,
          -0.03856820171334345,
          0.12261090648525517,
          0.017417737597048996,
          0.14448962098161286,
          0.20379002283176992,
          -0.060055635069167
        ],
        [
          -0.06492125513985353,
          -0.22635656836886608,
          -0.17124101686096313,
          -0.009889326291141443,
          0.2645289345455701,
          0.1395983022586369,
          0.20704053534182956,
          0.2521032886257442,
          0.2645341221409184,
          0.07008983879988138,
          -0.1041017298333336,
          -0.032047821323046455,
          -0.13475227549874624,
          1.0,
          -0.07703226038047,
          -0.1065793565589065,
          -0.225056131464712,
          -0.17910257827173567,
          -0.30863131929249576,
          -0.28574937284214585,
          -0.011856248942287935
        ],
        [
          -0.1073777255659056,
          -0.011522845975807097,
          0.1001624678130871,
          -0.3594034643816965,
          -0.3506332210832556,
          -0.08407083304590897,
          0.06752624867282703,
          0.06360165890052359,
          0.20094748897596035,
          -0.22974623931699034,
          -0.01461589108899151,
          -0.1816397268142174,
          -0.03724048302249138,
          -0.07703226038047,
          1.0,
          -0.059673910308535215,
          0.030568566236736348,
          0.016518071174314496,
          -0.007756586996222304,
          0.23424650142765036,
          -0.2757304701763604
        ],
        [
          -0.08625460836243679,
          0.08561571056312152,
          -0.05348779965004082,
          -0.05243786091592124,
          -0.08745914321254077,
          -0.11832740965054402,
          -0.24067083357085914,
          0.023502523233658437,
          -0.3801170262463267,
          -0.23426209244435464,
          0.280783062588213,
          0.25069104833775485,
          -0.03856820171334345,
          -0.1065793565589065,
          -0.059673910308535215,
          1.0,
          -0.021985994803400626,
          -0.08120702116393708,
          0.23052452166628887,
          -0.025696791255933236,
          -0.009482304613298359
        ],
        [
          0.1216355194513381,
          0.44758306643976303,
          0.24782245466434935,
          -0.06285908774555586,
          -0.2221112614057911,
          0.09636383743744742,
          -0.034834736011204764,
          0.029200196045521803,
          -0.21552319461774289,
          0.16121697209431315,
          -0.2855549940863871,
          -0.10194928614804791,
          0.12261090648525517,
          -0.225056131464712,
          0.030568566236736348,
          -0.021985994803400626,
          1.0,
          0.1718933387998326,
          -0.010400760325494227,
          0.14719860339751925,
          0.21936200700707825
        ],
        [
          -0.3625108781318044,
          0.4390850270491459,
          0.1427621871764771,
          -0.3051256773614594,
          -0.20038358164079076,
          -0.19846819020111656,
          -0.07021877208945229,
          0.23284934983188532,
          0.18220514958698203,
          0.1285047284697889,
          -0.14389903119419342,
          -0.12999003093271883,
          0.017417737597048996,
          -0.17910257827173567,
          0.016518071174314496,
          -0.08120702116393708,
          0.1718933387998326,
          1.0,
          -0.11742249120752139,
          0.2215995715899579,
          -0.06491736977996398
        ],
        [
          -0.0701411432859614,
          -0.22705962268190977,
          -0.1150275946887726,
          0.302062307470716,
          -0.177365915938036,
          -0.34055673959875815,
          -0.08115854115124974,
          -0.03843259603549388,
          -0.3038642843775687,
          -0.05296921115949239,
          0.25367473625868936,
          0.4520290385782252,
          0.14448962098161286,
          -0.30863131929249576,
          -0.007756586996222304,
          0.23052452166628887,
          -0.010400760325494227,
          -0.11742249120752139,
          1.0,
          -0.12795991929252234,
          0.0528929191973425
        ],
        [
          0.18504033730719704,
          0.34861989904221297,
          0.19008526765389813,
          -0.014057569654706661,
          -0.044061085954146685,
          0.030521218287159542,
          -0.27597063567368274,
          -0.025164797730449075,
          0.02771907283528494,
          0.058406631849770296,
          0.18023169675685916,
          -0.3954246475348327,
          0.20379002283176992,
          -0.28574937284214585,
          0.23424650142765036,
          -0.025696791255933236,
          0.14719860339751925,
          0.2215995715899579,
          -0.12795991929252234,
          1.0,
          0.13262472578340462
        ],
        [
          0.22302077366526127,
          0.3065629057003214,
          0.3719417707341005,
          0.14729236055151043,
          0.06800972066925029,
          -0.14976059933193198,
          0.14246610280375543,
          -0.06143120739190949,
          -0.08728605650170408,
          0.1415585163917509,
          -0.06985628733894643,
          -0.08247855986753817,
          -0.060055635069167,
          -0.011856248942287935,
          -0.2757304701763604,
          -0.009482304613298359,
          0.21936200700707825,
          -0.06491736977996398,
          0.0528929191973425,
          0.13262472578340462,
          1.0
        ]
      ],
      "observed_residual_lag_one_correlation_by_station": [
        -0.0008691687665940311,
        0.042650490539973565,
        0.01734760250989663,
        0.012892435819396956,
        0.04662762829954827,
        0.08900473862661182,
        0.08630029802733655,
        0.06776419758138445,
        0.06946166766912686,
        0.11942977557914536,
        0.018442101446339412,
        0.08402636899728208,
        0.09649358373192995,
        0.05022599280826925,
        0.1908364513806029,
        0.13943270492925922,
        0.06896927289145936,
        0.08371880945660153,
        0.0857538591052538,
        0.09195524887331466,
        0.09706347070831238
      ],
      "observed_residual_spatial_correlation": [
        [
          1.0,
          0.8075921163257531,
          0.6661732846660836,
          0.5542594008721218,
          0.4551767874291249,
          0.3313522771038339,
          0.295226998848536,
          0.2259044756914449,
          0.19652352949778992,
          0.09900596088848987,
          0.07548454835710298,
          0.04192201751478424,
          0.02808430329331627,
          0.02450472401375959,
          -0.03508498035049078,
          -0.014737641842883266,
          -0.01381682215021859,
          0.0032355187653625274,
          0.00808022205168225,
          0.0032902749367610573,
          -0.0005441686549578949
        ],
        [
          0.8075921163257531,
          1.0,
          0.8149787751713794,
          0.6786391255447943,
          0.5620729042449671,
          0.41386285563963443,
          0.391228431627063,
          0.27602703455399485,
          0.23886269413591546,
          0.15910422772717286,
          0.1333998575012031,
          0.08836128571132788,
          0.06354538355288941,
          0.03637063838285792,
          -0.0030092472422025905,
          0.04822548801423019,
          0.04940863176589213,
          0.03906724578920395,
          0.022748557845705702,
          0.021453437394278383,
          0.008484893564708745
        ],
        [
          0.6661732846660836,
          0.8149787751713794,
          1.0,
          0.8209456496626334,
          0.6694441643935373,
          0.5223475464380934,
          0.4721173423679517,
          0.35012775850050465,
          0.3261242851931382,
          0.2164308711600004,
          0.18000100930922383,
          0.12885669096502497,
          0.10085471105571134,
          0.07439513869398273,
          0.06301377078542145,
          0.04634101480881547,
          0.04439744704107283,
          0.040772408208104315,
          0.02666037419763607,
          0.007723274926412405,
          0.001060916799568319
        ],
        [
          0.5542594008721218,
          0.6786391255447943,
          0.8209456496626334,
          1.0,
          0.814006110341035,
          0.6539482051200408,
          0.5607461500481031,
          0.44476339225432115,
          0.3745849757635159,
          0.31200037433115013,
          0.23669301448001479,
          0.18353473333751513,
          0.14947294028190156,
          0.10813570441849449,
          0.10354387211224961,
          0.10137148061748465,
          0.08392104522284767,
          0.0835100422259804,
          0.060388181477341735,
          0.05867969261956589,
          0.025872020423724808
        ],
        [
          0.4551767874291249,
          0.5620729042449671,
          0.6694441643935373,
          0.814006110341035,
          1.0,
          0.7777695527143327,
          0.6660908259725593,
          0.5285315904032218,
          0.443655116186866,
          0.35022084575921325,
          0.2805184759243483,
          0.23497713352156843,
          0.17069029695583857,
          0.12961433397077865,
          0.09862412193639662,
          0.13155407176782904,
          0.10293550743811043,
          0.09746387047132095,
          0.06911340725873831,
          0.06318284778231563,
          0.045401771536071375
        ],
        [
          0.3313522771038339,
          0.41386285563963443,
          0.5223475464380934,
          0.6539482051200408,
          0.7777695527143327,
          1.0,
          0.790451307422572,
          0.7008283450598541,
          0.5475413853799928,
          0.5121502424341545,
          0.3924883584503307,
          0.34582207945490323,
          0.30030109016968026,
          0.21752325507285342,
          0.2312366714062192,
          0.19747035544153635,
          0.13744573494700396,
          0.17433678185416193,
          0.13591968512015576,
          0.13097359824849455,
          0.10988780357206977
        ],
        [
          0.295226998848536,
          0.391228431627063,
          0.4721173423679517,
          0.5607461500481031,
          0.6660908259725593,
          0.790451307422572,
          1.0,
          0.7992312898283009,
          0.6701989076296242,
          0.5166371966564349,
          0.4406825290493212,
          0.3641876271452601,
          0.300146523027743,
          0.22416183517782443,
          0.235398468300981,
          0.186124044641377,
          0.16837411399181296,
          0.16209902102128257,
          0.1496392063477343,
          0.11422644750346021,
          0.08058019614143394
        ],
        [
          0.2259044756914449,
          0.27602703455399485,
          0.35012775850050465,
          0.44476339225432115,
          0.5285315904032218,
          0.7008283450598541,
          0.7992312898283009,
          1.0,
          0.7971756515549837,
          0.6798292619267532,
          0.5505462547881077,
          0.46252590096425755,
          0.3972266342297398,
          0.30281653358493943,
          0.2700596159693577,
          0.23544930904924097,
          0.16392913939944923,
          0.182749087393869,
          0.15506311149796626,
          0.12194594488213827,
          0.1064774522225628
        ],
        [
          0.19652352949778992,
          0.23886269413591546,
          0.3261242851931382,
          0.3745849757635159,
          0.443655116186866,
          0.5475413853799928,
          0.6701989076296242,
          0.7971756515549837,
          1.0,
          0.7509739876724999,
          0.6399460995587081,
          0.4968589251616869,
          0.421694955118677,
          0.3482680389823414,
          0.2904524705976869,
          0.19267634784798307,
          0.1700961872068817,
          0.16711899430093513,
          0.14621934161509392,
          0.07176291956252318,
          0.050025406098277006
        ],
        [
          0.09900596088848987,
          0.15910422772717286,
          0.2164308711600004,
          0.31200037433115013,
          0.35022084575921325,
          0.5121502424341545,
          0.5166371966564349,
          0.6798292619267532,
          0.7509739876724999,
          1.0,
          0.8127780366605858,
          0.6787485943894217,
          0.5864209943765544,
          0.4519808539433575,
          0.4061959191307868,
          0.32758788623835045,
          0.2317042384987793,
          0.25122127751141904,
          0.20202625634571808,
          0.19350890705606755,
          0.15797932020993533
        ],
        [
          0.07548454835710298,
          0.1333998575012031,
          0.18000100930922383,
          0.23669301448001479,
          0.2805184759243483,
          0.3924883584503307,
          0.4406825290493212,
          0.5505462547881077,
          0.6399460995587081,
          0.8127780366605858,
          1.0,
          0.799890243458838,
          0.6739764382129952,
          0.5314301678691934,
          0.4804257848079535,
          0.3735564430431236,
          0.30812903656696666,
          0.2863982825489247,
          0.2345652326800865,
          0.21591518459589845,
          0.1742946529630814
        ],
        [
          0.04192201751478424,
          0.08836128571132788,
          0.12885669096502497,
          0.18353473333751513,
          0.23497713352156843,
          0.34582207945490323,
          0.3641876271452601,
          0.46252590096425755,
          0.4968589251616869,
          0.6787485943894217,
          0.799890243458838,
          1.0,
          0.8137215275394986,
          0.6487534927538956,
          0.5383026271424817,
          0.46505323423378553,
          0.3511778352894908,
          0.341839526581172,
          0.28371524347071614,
          0.24656685217693075,
          0.20527164288389568
        ],
        [
          0.02808430329331627,
          0.06354538355288941,
          0.10085471105571134,
          0.14947294028190156,
          0.17069029695583857,
          0.30030109016968026,
          0.300146523027743,
          0.3972266342297398,
          0.421694955118677,
          0.5864209943765544,
          0.6739764382129952,
          0.8137215275394986,
          1.0,
          0.7912119130985806,
          0.6741058239715622,
          0.5304380330987623,
          0.42798983794462075,
          0.4002765605847329,
          0.32556199923628465,
          0.28448475834523795,
          0.22954096117418601
        ],
        [
          0.02450472401375959,
          0.03637063838285792,
          0.07439513869398273,
          0.10813570441849449,
          0.12961433397077865,
          0.21752325507285342,
          0.22416183517782443,
          0.30281653358493943,
          0.3482680389823414,
          0.4519808539433575,
          0.5314301678691934,
          0.6487534927538956,
          0.7912119130985806,
          1.0,
          0.7471287135230096,
          0.6433811507863766,
          0.5090214714044748,
          0.43749070367208215,
          0.35272224772627125,
          0.27872823450608397,
          0.23663244136975142
        ],
        [
          -0.03508498035049078,
          -0.0030092472422025905,
          0.06301377078542145,
          0.10354387211224961,
          0.09862412193639662,
          0.2312366714062192,
          0.235398468300981,
          0.2700596159693577,
          0.2904524705976869,
          0.4061959191307868,
          0.4804257848079535,
          0.5383026271424817,
          0.6741058239715622,
          0.7471287135230096,
          1.0,
          0.7248705908977507,
          0.6433588364333971,
          0.5567115149328441,
          0.48526828033161584,
          0.4160596190105512,
          0.3382497740673499
        ],
        [
          -0.014737641842883266,
          0.04822548801423019,
          0.04634101480881547,
          0.10137148061748465,
          0.13155407176782904,
          0.19747035544153635,
          0.186124044641377,
          0.23544930904924097,
          0.19267634784798307,
          0.32758788623835045,
          0.3735564430431236,
          0.46505323423378553,
          0.5304380330987623,
          0.6433811507863766,
          0.7248705908977507,
          1.0,
          0.8011757890280689,
          0.6632186875484738,
          0.5315470316278387,
          0.4651159099437517,
          0.4121646169925114
        ],
        [
          -0.01381682215021859,
          0.04940863176589213,
          0.04439744704107283,
          0.08392104522284767,
          0.10293550743811043,
          0.13744573494700396,
          0.16837411399181296,
          0.16392913939944923,
          0.1700961872068817,
          0.2317042384987793,
          0.30812903656696666,
          0.3511778352894908,
          0.42798983794462075,
          0.5090214714044748,
          0.6433588364333971,
          0.8011757890280689,
          1.0,
          0.8011700915524858,
          0.6621975351106097,
          0.5458669497603031,
          0.4510472001827128
        ],
        [
          0.0032355187653625274,
          0.03906724578920395,
          0.040772408208104315,
          0.0835100422259804,
          0.09746387047132095,
          0.17433678185416193,
          0.16209902102128257,
          0.182749087393869,
          0.16711899430093513,
          0.25122127751141904,
          0.2863982825489247,
          0.341839526581172,
          0.4002765605847329,
          0.43749070367208215,
          0.5567115149328441,
          0.6632186875484738,
          0.8011700915524858,
          1.0,
          0.8150134639260989,
          0.6822346059600182,
          0.568067345320456
        ],
        [
          0.00808022205168225,
          0.022748557845705702,
          0.02666037419763607,
          0.060388181477341735,
          0.06911340725873831,
          0.13591968512015576,
          0.1496392063477343,
          0.15506311149796626,
          0.14621934161509392,
          0.20202625634571808,
          0.2345652326800865,
          0.28371524347071614,
          0.32556199923628465,
          0.35272224772627125,
          0.48526828033161584,
          0.5315470316278387,
          0.6621975351106097,
          0.8150134639260989,
          1.0,
          0.8088874675111791,
          0.6733483091663041
        ],
        [
          0.0032902749367610573,
          0.021453437394278383,
          0.007723274926412405,
          0.05867969261956589,
          0.06318284778231563,
          0.13097359824849455,
          0.11422644750346021,
          0.12194594488213827,
          0.07176291956252318,
          0.19350890705606755,
          0.21591518459589845,
          0.24656685217693075,
          0.28448475834523795,
          0.27872823450608397,
          0.4160596190105512,
          0.4651159099437517,
          0.5458669497603031,
          0.6822346059600182,
          0.8088874675111791,
          1.0,
          0.8312350808725708
        ],
        [
          -0.0005441686549578949,
          0.008484893564708745,
          0.001060916799568319,
          0.025872020423724808,
          0.045401771536071375,
          0.10988780357206977,
          0.08058019614143394,
          0.1064774522225628,
          0.050025406098277006,
          0.15797932020993533,
          0.1742946529630814,
          0.20527164288389568,
          0.22954096117418601,
          0.23663244136975142,
          0.3382497740673499,
          0.4121646169925114,
          0.4510472001827128,
          0.568067345320456,
          0.6733483091663041,
          0.8312350808725708,
          1.0
        ]
      ]
    },
    "global_metrics": {
      "abs_exceedance_error_q95": 0.05216,
      "abs_exceedance_error_q99": 0.01128,
      "abs_quantile_error_q95_m": 0.09624999389052388,
      "abs_quantile_error_q99_m": 0.15001395165920273,
      "crps_m": 0.04109497500994803,
      "dimension_normalized_energy_score_m": 0.0548068811374373,
      "energy_score_m": 0.24870312204167072,
      "error_jensen_shannon_distance": 0.5086420833968868,
      "first_difference_jensen_shannon_distance": 0.7354080988483693,
      "generated_abs_exceedance_q95": 0.0,
      "generated_abs_exceedance_q99": 0.0,
      "generated_abs_q95_m": 0.03976589664816854,
      "generated_abs_q99_m": 0.05667022302746777,
      "observed_abs_exceedance_q95": 0.05216,
      "observed_abs_exceedance_q99": 0.01128,
      "observed_abs_q95_m": 0.13601589053869242,
      "observed_abs_q99_m": 0.2066841746866705,
      "predictive_mean_mae_m": 0.043274368499505306,
      "predictive_mean_rmse_m": 0.06276259484196382,
      "residual_lag_one_correlation_mae": 0.3838608910477164,
      "residual_spatial_correlation_rmse": 0.4468636016159038
    },
    "interval_metrics": {
      "0.50": {
        "finite_ensemble": {
          "central_rank_lower_1_based": 8,
          "central_rank_meets_nominal_coverage": true,
          "central_rank_reference_coverage": 0.5151515151515151,
          "central_rank_upper_1_based": 25,
          "empirical_minus_linear_uniform_reference": -0.42885317928136624,
          "ensemble_sample_count": 32,
          "interpretation": "finite-ensemble diagnostic only; final calibration conclusions require a larger predictive ensemble or a separately specified rank-based interval",
          "linear_uniform_reference_coverage": 0.4696969696969697,
          "quantile_method": "linear"
        },
        "global_empirical_coverage": 0.04084379041560348,
        "global_mean_width_m": 0.005475825578016196,
        "nominal_coverage": 0.5,
        "station_empirical_coverage": [
          0.03879310344827586,
          0.03125,
          0.03771551724137931,
          0.03412356321839081,
          0.042385057471264365,
          0.04346264367816092,
          0.03412356321839081,
          0.042385057471264365,
          0.03987068965517242,
          0.040948275862068964,
          0.041666666666666664,
          0.036637931034482756,
          0.04382183908045977,
          0.029813218390804596,
          0.04920977011494253,
          0.052083333333333336,
          0.04806649801228768,
          0.04236970378702662,
          0.044427123928293066,
          0.03966942148760331,
          0.04614019520851819
        ],
        "station_mean_width_m": [
          0.0012324625891606035,
          0.0012758472775394485,
          0.0015745949893703935,
          0.0018086278011975375,
          0.0025092628303177295,
          0.0024873024207638875,
          0.0030047016971575325,
          0.0035348137854511485,
          0.00418009721353632,
          0.004553646124459819,
          0.005268512558516171,
          0.00544070644344634,
          0.007068727242736274,
          0.005772587326688132,
          0.009086335619146154,
          0.009101672366581959,
          0.0088362628661778,
          0.009976771592360198,
          0.009996488659525769,
          0.010196075253650422,
          0.010159267920495806
        ]
      },
      "0.90": {
        "finite_ensemble": {
          "central_rank_lower_1_based": 1,
          "central_rank_meets_nominal_coverage": true,
          "central_rank_reference_coverage": 0.9090909090909091,
          "central_rank_upper_1_based": 31,
          "empirical_minus_linear_uniform_reference": -0.7524768111751229,
          "ensemble_sample_count": 32,
          "interpretation": "finite-ensemble diagnostic only; final calibration conclusions require a larger predictive ensemble or a separately specified rank-based interval",
          "linear_uniform_reference_coverage": 0.8454545454545455,
          "quantile_method": "linear"
        },
        "global_empirical_coverage": 0.09297773427942256,
        "global_mean_width_m": 0.012804945357643744,
        "nominal_coverage": 0.9,
        "station_empirical_coverage": [
          0.09339080459770115,
          0.07794540229885058,
          0.08584770114942529,
          0.07758620689655173,
          0.10237068965517242,
          0.09015804597701149,
          0.08225574712643678,
          0.08620689655172414,
          0.0923132183908046,
          0.09446839080459771,
          0.10021551724137931,
          0.08836206896551724,
          0.10919540229885058,
          0.07794540229885058,
          0.11494252873563218,
          0.10668103448275862,
          0.1029996385977593,
          0.09636295463067117,
          0.09469992205767731,
          0.08677685950413223,
          0.09094942324755989
        ],
        "station_mean_width_m": [
          0.002864510939894832,
          0.0029881489704574305,
          0.0036550152455403035,
          0.004241824759665387,
          0.005892187771481903,
          0.005769745766626548,
          0.007059427423719797,
          0.008285457500518864,
          0.009814458241432483,
          0.01066704143411008,
          0.012336328292615785,
          0.012702504902423747,
          0.016682138423301247,
          0.013462559254256264,
          0.021341093893958413,
          0.021224599008004504,
          0.020591039907653052,
          0.023226675676120103,
          0.023314243723158906,
          0.023874641297181125,
          0.023749559112242316
        ]
      },
      "0.95": {
        "finite_ensemble": {
          "central_rank_lower_1_based": 1,
          "central_rank_meets_nominal_coverage": false,
          "central_rank_reference_coverage": 0.9393939393939394,
          "central_rank_upper_1_based": 32,
          "empirical_minus_linear_uniform_reference": -0.78563966414468,
          "ensemble_sample_count": 32,
          "interpretation": "finite-ensemble diagnostic only; final calibration conclusions require a larger predictive ensemble or a separately specified rank-based interval",
          "linear_uniform_reference_coverage": 0.8924242424242423,
          "quantile_method": "linear"
        },
        "global_empirical_coverage": 0.10678457827956238,
        "global_mean_width_m": 0.014752244361319172,
        "nominal_coverage": 0.95,
        "station_empirical_coverage": [
          0.10847701149425287,
          0.09123563218390805,
          0.09554597701149425,
          0.09051724137931035,
          0.11602011494252873,
          0.09985632183908046,
          0.09841954022988506,
          0.09734195402298851,
          0.10596264367816093,
          0.11602011494252873,
          0.11494252873563218,
          0.10452586206896551,
          0.12535919540229884,
          0.09015804597701149,
          0.1300287356321839,
          0.11925287356321838,
          0.11637152150343331,
          0.1098612673415823,
          0.11067809820732658,
          0.09834710743801653,
          0.10204081632653061
        ],
        "station_mean_width_m": [
          0.0033032752600809785,
          0.003447443867424686,
          0.004203884739966782,
          0.00489036795035237,
          0.00678581393692717,
          0.006652413579579831,
          0.008134483974156434,
          0.00955285704063269,
          0.011285189363435822,
          0.012283164258924548,
          0.014232005283350916,
          0.014616405754910458,
          0.01928452187860983,
          0.015492385401279764,
          0.024600779602907748,
          0.024425942760077812,
          0.02370926801345917,
          0.026742697900872997,
          0.02682752835663491,
          0.027557829151012778,
          0.027344565922638175
        ]
      }
    },
    "model_name": "recurrent_conditional_gan",
    "observed_value_count": 57218,
    "s_grid_m": [
      0.0,
      5.0,
      10.0,
      15.0,
      20.0,
      25.0,
      30.0,
      35.0,
      40.0,
      45.0,
      50.0,
      55.0,
      60.0,
      65.0,
      70.0,
      75.0,
      80.0,
      85.0,
      90.0,
      95.0,
      100.0
    ],
    "sample_count": 32,
    "scenario": "conditional_gaussian",
    "schema_version": "1.1.0",
    "sequence_count": 32,
    "station_metrics": {
      "crps_m": [
        0.009322647323339319,
        0.01096134815971263,
        0.012800275593306357,
        0.015248872706519007,
        0.018029665313962603,
        0.021232278027072216,
        0.025099953035224595,
        0.02781717383379323,
        0.030936499895919845,
        0.035375337541441974,
        0.03739595824427825,
        0.04171589942909546,
        0.045919846918222,
        0.049866253654203836,
        0.058972172282609404,
        0.06269137862116622,
        0.0646838569268352,
        0.06872821378673076,
        0.07519152911851815,
        0.08228772261569259,
        0.086774955071428
      ],
      "observation_count": [
        2784,
        2784,
        2784,
        2784,
        2784,
        2784,
        2784,
        2784,
        2784,
        2784,
        2784,
        2784,
        2784,
        2784,
        2784,
        2784,
        2767,
        2667,
        2566,
        2420,
        2254
      ],
      "predictive_mean_mae_m": [
        0.0098129033720054,
        0.011477375756695652,
        0.013427468505138885,
        0.015978900782852898,
        0.019033013774185096,
        0.0222184377126311,
        0.02630810309695311,
        0.029230813821444285,
        0.03260888375009273,
        0.037190351746843306,
        0.03949659566685485,
        0.04389343581963256,
        0.04872840946867302,
        0.05219757020736141,
        0.06255170020718108,
        0.0662738201323537,
        0.06817890076373306,
        0.07268513584096734,
        0.07915925328272148,
        0.08636930901753538,
        0.09082662786171383
      ],
      "predictive_mean_rmse_m": [
        0.012332427887431389,
        0.01423743390297881,
        0.016697542999605745,
