{
  "approximation_metadata": {
    "dependence_frame_count": 20000,
    "dependence_sample_count": 16,
    "energy_frame_count": 2000,
    "energy_sample_count": 32,
    "first_difference_generated_value_count": 200000,
    "first_difference_observed_value_count": 200000,
    "jensen_shannon_logarithm_base": "2",
    "marginal_generated_value_count": 200000,
    "marginal_observed_value_count": 200000,
    "metric_seed": 20260714
  },
  "dependence_diagnostics": {
    "generated_residual_lag_one_correlation_by_station": [
      -0.00013854100260444541,
      0.0012836930650635544,
      0.0017583425507061287,
      0.0013688324980727345,
      0.0012058095741900288,
      0.0009545725214718867,
      0.001990933315050185,
      0.0025890548366495052,
      0.0030960297329362557,
      0.0019069010592642056,
      0.0008760659669760011,
      0.001941875686017656,
      0.002455542250845863,
      0.001854819124796521,
      0.001674441527467957,
      0.0005311483345247323,
      -0.0006246771110559498,
      0.0013621340886984645,
      -0.0007876067416965969,
      -0.0012763411781846938,
      -0.0009269863503832694
    ],
    "generated_residual_spatial_correlation": [
      [
        1.0,
        0.7705290793631339,
        0.5923621098707141,
        0.45207264580796125,
        0.3534841267141918,
        0.2770603536277873,
        0.21040835493667295,
        0.16379895556385587,
        0.12943194587371415,
        0.09731174383506916,
        0.07575657948381134,
        0.06121748521721827,
        0.05319716932161279,
        0.04324604069322779,
        0.03501799988299213,
        0.029686355946205698,
        0.027251641461553157,
        0.02132839766211518,
        0.010809767468484307,
        0.008883833568769126,
        0.006060277688464488
      ],
      [
        0.7705290793631339,
        1.0,
        0.773252932883414,
        0.5984617649969356,
        0.4679824951628484,
        0.36494561072774456,
        0.2825478535942674,
        0.22276055324527533,
        0.17729760244516207,
        0.13745465533159903,
        0.10981305119613023,
        0.09240825480164945,
        0.0797580418255733,
        0.06172653295550272,
        0.05254465437042627,
        0.04528397333169101,
        0.04039056949830976,
        0.03296349602184524,
        0.021544162806953947,
        0.016955170069521668,
        0.010957855553837685
      ],
      [
        0.5923621098707141,
        0.773252932883414,
        1.0,
        0.7753176472377503,
        0.6032883770791972,
        0.4737761475127041,
        0.36707396199219355,
        0.28878667571745037,
        0.2305177756705267,
        0.17907698709521477,
        0.14792876336865288,
        0.12622188243197735,
        0.10683111543085394,
        0.08428941574443223,
        0.07104815866490928,
        0.0569757478347141,
        0.04721102852098256,
        0.038638830492575896,
        0.02791937069213406,
        0.026210209102189262,
        0.014416584376755267
      ],
      [
        0.45207264580796125,
        0.5984617649969356,
        0.7753176472377503,
        1.0,
        0.7802936137650006,
        0.6142153932157679,
        0.4776723181880713,
        0.37625171015336273,
        0.3011174156239286,
        0.23747993754586355,
        0.197726985835679,
        0.16701914522271108,
        0.13892921284060603,
        0.1111134952217497,
        0.09168180101332193,
        0.07326653892606488,
        0.0604390910137727,
        0.045895834948554835,
        0.031887483567585716,
        0.0290860010294006,
        0.01644794247018484
      ],
      [
        0.3534841267141918,
        0.4679824951628484,
        0.6032883770791972,
        0.7802936137650006,
        1.0,
        0.7850375397124054,
        0.6204075945995462,
        0.4947430698673748,
        0.3985998821633779,
        0.31985749401482494,
        0.2647837316916844,
        0.22186458442468715,
        0.18155258201333202,
        0.14670953700215253,
        0.11899058246927585,
        0.09742215830857952,
        0.07725785979249077,
        0.059053973216212786,
        0.04226329936769567,
        0.03658855673674781,
        0.019478472483559713
      ],
      [
        0.2770603536277873,
        0.36494561072774456,
        0.4737761475127041,
        0.6142153932157679,
        0.7850375397124054,
        1.0,
        0.7906147917990743,
        0.6340803712457744,
        0.5129199731315613,
        0.417100539854951,
        0.34428968022106204,
        0.285090343178872,
        0.23571027022689198,
        0.1882943053867204,
        0.15001853837939105,
        0.12385699220478563,
        0.09940533339799193,
        0.07814590777807626,
        0.05520418988406335,
        0.04823157535191742,
        0.03558313046712369
      ],
      [
        0.21040835493667295,
        0.2825478535942674,
        0.36707396199219355,
        0.4776723181880713,
        0.6204075945995462,
        0.7906147917990743,
        1.0,
        0.8035761964582552,
        0.6518716827327222,
        0.5349798117676204,
        0.44265642955850515,
        0.367547663399807,
        0.30265898762961824,
        0.24357674844058114,
        0.194344496668368,
        0.1593055558328168,
        0.12549198631662314,
        0.09355987841022335,
        0.06697181134928397,
        0.05563269037560368,
        0.038383721494153006
      ],
      [
        0.16379895556385587,
        0.22276055324527533,
        0.28878667571745037,
        0.37625171015336273,
        0.4947430698673748,
        0.6340803712457744,
        0.8035761964582552,
        1.0,
        0.8102185142126858,
        0.6696906217342418,
        0.555197115191536,
        0.4620476689374271,
        0.37800529329471055,
        0.3025626641165714,
        0.24431644642215034,
        0.19717242720522377,
        0.15584587036876435,
        0.11995153239875048,
        0.087600710129687,
        0.07043222535965325,
        0.04789007695819366
      ],
      [
        0.12943194587371415,
        0.17729760244516207,
        0.2305177756705267,
        0.3011174156239286,
        0.3985998821633779,
        0.5129199731315613,
        0.6518716827327222,
        0.8102185142126858,
        1.0,
        0.8250333676228493,
        0.686181469729595,
        0.5690199715742275,
        0.4647112897758538,
        0.3733458530824184,
        0.3010026082249549,
        0.2412592066203555,
        0.19164276008752293,
        0.14614138801706805,
        0.10889355064008817,
        0.08727149637043977,
        0.05977633056885195
      ],
      [
        0.09731174383506916,
        0.13745465533159903,
        0.17907698709521477,
        0.23747993754586355,
        0.31985749401482494,
        0.417100539854951,
        0.5349798117676204,
        0.6696906217342418,
        0.8250333676228493,
        1.0,
        0.8325914202039942,
        0.6908688022146506,
        0.5673239019312,
        0.4610320083821364,
        0.3726351054239192,
        0.29678547139445566,
        0.2333859028771136,
        0.17685062672584145,
        0.12918792788770936,
        0.10504358042267019,
        0.07678584971312903
      ],
      [
        0.07575657948381134,
        0.10981305119613023,
        0.14792876336865288,
        0.197726985835679,
        0.2647837316916844,
        0.34428968022106204,
        0.44265642955850515,
        0.555197115191536,
        0.686181469729595,
        0.8325914202039942,
        1.0,
        0.8313756467267589,
        0.6874992367444124,
        0.5626137780814532,
        0.4540974823193434,
        0.36270389015737925,
        0.2863322391216933,
        0.21754525607992953,
        0.16111316384602645,
        0.12800534486889165,
        0.09323065703335255
      ],
      [
        0.06121748521721827,
        0.09240825480164945,
        0.12622188243197735,
        0.16701914522271108,
        0.22186458442468715,
        0.285090343178872,
        0.367547663399807,
        0.4620476689374271,
        0.5690199715742275,
        0.6908688022146506,
        0.8313756467267589,
        1.0,
        0.8289504714864677,
        0.6808837956178666,
        0.5534378281216801,
        0.4440038821675076,
        0.3549056329947802,
        0.2721654935310587,
        0.2046579105715576,
        0.15680075040954108,
        0.11389314408023034
      ],
      [
        0.05319716932161279,
        0.0797580418255733,
        0.10683111543085394,
        0.13892921284060603,
        0.18155258201333202,
        0.23571027022689198,
        0.30265898762961824,
        0.37800529329471055,
        0.4647112897758538,
        0.5673239019312,
        0.6874992367444124,
        0.8289504714864677,
        1.0,
        0.8256489519155764,
        0.6736496876791045,
        0.5460710886664457,
        0.4364961525102923,
        0.3364570947274863,
        0.25614380416718047,
        0.1962561306294416,
        0.14354126623842434
      ],
      [
        0.04324604069322779,
        0.06172653295550272,
        0.08428941574443223,
        0.1111134952217497,
        0.14670953700215253,
        0.1882943053867204,
        0.24357674844058114,
        0.3025626641165714,
        0.3733458530824184,
        0.4610320083821364,
        0.5626137780814532,
        0.6808837956178666,
        0.8256489519155764,
        1.0,
        0.8170759963726196,
        0.6631850987023898,
        0.5354146071065652,
        0.4188017615335873,
        0.3197776555646776,
        0.24462498954258313,
        0.18089115652774362
      ],
      [
        0.03501799988299213,
        0.05254465437042627,
        0.07104815866490928,
        0.09168180101332193,
        0.11899058246927585,
        0.15001853837939105,
        0.194344496668368,
        0.24431644642215034,
        0.3010026082249549,
        0.3726351054239192,
        0.4540974823193434,
        0.5534378281216801,
        0.6736496876791045,
        0.8170759963726196,
        1.0,
        0.814321057159332,
        0.6577563454002736,
        0.5216043186446065,
        0.40065912962118866,
        0.30551849388531505,
        0.22432293784246501
      ],
      [
        0.029686355946205698,
        0.04528397333169101,
        0.0569757478347141,
        0.07326653892606488,
        0.09742215830857952,
        0.12385699220478563,
        0.1593055558328168,
        0.19717242720522377,
        0.2412592066203555,
        0.29678547139445566,
        0.36270389015737925,
        0.4440038821675076,
        0.5460710886664457,
        0.6631850987023898,
        0.814321057159332,
        1.0,
        0.8079669822266612,
        0.6429969448389146,
        0.497675216840401,
        0.3825705131142734,
        0.28327054110978284
      ],
      [
        0.027251641461553157,
        0.04039056949830976,
        0.04721102852098256,
        0.0604390910137727,
        0.07725785979249077,
        0.09940533339799193,
        0.12549198631662314,
        0.15584587036876435,
        0.19164276008752293,
        0.2333859028771136,
        0.2863322391216933,
        0.3549056329947802,
        0.4364961525102923,
        0.5354146071065652,
        0.6577563454002736,
        0.8079669822266612,
        1.0,
        0.7938459458494588,
        0.618651466248669,
        0.47854421877609005,
        0.358829136313874
      ],
      [
        0.02132839766211518,
        0.03296349602184524,
        0.038638830492575896,
        0.045895834948554835,
        0.059053973216212786,
        0.07814590777807626,
        0.09355987841022335,
        0.11995153239875048,
        0.14614138801706805,
        0.17685062672584145,
        0.21754525607992953,
        0.2721654935310587,
        0.3364570947274863,
        0.4188017615335873,
        0.5216043186446065,
        0.6429969448389146,
        0.7938459458494588,
        1.0,
        0.782939012912991,
        0.6067960370051725,
        0.45691066173688993
      ],
      [
        0.010809767468484307,
        0.021544162806953947,
        0.02791937069213406,
        0.031887483567585716,
        0.04226329936769567,
        0.05520418988406335,
        0.06697181134928397,
        0.087600710129687,
        0.10889355064008817,
        0.12918792788770936,
        0.16111316384602645,
        0.2046579105715576,
        0.25614380416718047,
        0.3197776555646776,
        0.40065912962118866,
        0.497675216840401,
        0.618651466248669,
        0.782939012912991,
        1.0,
        0.7721402971182105,
        0.5868793484296896
      ],
      [
        0.008883833568769126,
        0.016955170069521668,
        0.026210209102189262,
        0.0290860010294006,
        0.03658855673674781,
        0.04823157535191742,
        0.05563269037560368,
        0.07043222535965325,
        0.08727149637043977,
        0.10504358042267019,
        0.12800534486889165,
        0.15680075040954108,
        0.1962561306294416,
        0.24462498954258313,
        0.30551849388531505,
        0.3825705131142734,
        0.47854421877609005,
        0.6067960370051725,
        0.7721402971182105,
        1.0,
        0.7669781360653469
      ],
      [
        0.006060277688464488,
        0.010957855553837685,
        0.014416584376755267,
        0.01644794247018484,
        0.019478472483559713,
        0.03558313046712369,
        0.038383721494153006,
        0.04789007695819366,
        0.05977633056885195,
        0.07678584971312903,
        0.09323065703335255,
        0.11389314408023034,
        0.14354126623842434,
        0.18089115652774362,
        0.22432293784246501,
        0.28327054110978284,
        0.358829136313874,
        0.45691066173688993,
        0.5868793484296896,
        0.7669781360653469,
        1.0
      ]
    ],
    "observed_residual_lag_one_correlation_by_station": [
      0.755410762552478,
      0.7518707833967293,
      0.758517112625634,
      0.7652293035975223,
      0.7708963120868721,
      0.7746836352176042,
      0.7865479559182722,
      0.7967229116865001,
      0.8030051752756043,
      0.8135215324174468,
      0.8153226907783931,
      0.8184030158537973,
      0.815581191094136,
      0.8115724169197543,
      0.805696341843399,
      0.7961771930629088,
      0.7886670035200879,
      0.7819200545383548,
      0.7732132682014174,
      0.7656694967248086,
      0.7570256620037574
    ],
    "observed_residual_spatial_correlation": [
      [
        1.0,
        0.7715277145616846,
        0.5963337412511722,
        0.46025935214252145,
        0.3575217858422291,
        0.2848940532198386,
        0.22706521196479898,
        0.17490491327336763,
        0.14053691014927563,
        0.10447244589777563,
        0.08328351840799875,
        0.07023295177925055,
        0.05362944410985998,
        0.04413270500308785,
        0.016848195879841293,
        0.00938166886028473,
        0.0076711935711572055,
        0.000982736442435981,
        0.0037174069384476958,
        0.005100757691289479,
        0.012768885025637923
      ],
      [
        0.7715277145616846,
        1.0,
        0.7782402413312068,
        0.613418808095921,
        0.48549060220306395,
        0.3791924458036255,
        0.3039695356036272,
        0.24199720968433025,
        0.20169507708347295,
        0.15531992681488915,
        0.12884579428284426,
        0.10423557705888714,
        0.08317955541174703,
        0.06765691936304757,
        0.041591670989162166,
        0.04042884845339254,
        0.03221438633741681,
        0.024959725187816723,
        0.030387326668928117,
        0.02445512646373906,
        0.028158588508647223
      ],
      [
        0.5963337412511722,
        0.7782402413312068,
        1.0,
        0.7853014980160208,
        0.6231325115226426,
        0.49476504110929626,
        0.40068946346949547,
        0.32183735652184375,
        0.26202815761367604,
        0.20446129686438216,
        0.16777122853479934,
        0.13498360753202876,
        0.10986750657242063,
        0.08508308405568156,
        0.054565615846609725,
        0.046747530010194376,
        0.03358449052556522,
        0.023818159527701784,
        0.026512367082971104,
        0.025809030049879885,
        0.031622186229341806
      ],
      [
        0.46025935214252145,
        0.613418808095921,
        0.7853014980160208,
        1.0,
        0.789395488922579,
        0.633395949385634,
        0.5120405047612363,
        0.4063125308351856,
        0.33441642764173857,
        0.26181517854833003,
        0.220936729694188,
        0.17883197179682547,
        0.1497072966487333,
        0.11674050704225176,
        0.08406509745092787,
        0.06753716826301898,
        0.05024076791028838,
        0.03787384665134654,
        0.037465565480465354,
        0.028620622477276706,
        0.033569782303665016
      ],
      [
        0.3575217858422291,
        0.48549060220306395,
        0.6231325115226426,
        0.789395488922579,
        1.0,
        0.7930597184701146,
        0.6330740822949058,
        0.5041979742416696,
        0.41027548319480905,
        0.3310943773345327,
        0.27579007657781,
        0.22712584269593886,
        0.19265332497899343,
        0.16108884644587018,
        0.12064782487575543,
        0.10101377868863289,
        0.08013126410808323,
        0.05790897699126224,
        0.0494325244099874,
        0.03468900425996937,
        0.03978161379262878
      ],
      [
        0.2848940532198386,
        0.3791924458036255,
        0.49476504110929626,
        0.633395949385634,
        0.7930597184701146,
        1.0,
        0.7992765910196498,
        0.6418025227452602,
        0.5249523410818623,
        0.42949395140726226,
        0.35730264886807156,
        0.29522346628982,
        0.24423148980661066,
        0.20339526274003883,
        0.15748463519807232,
        0.12746426975385752,
        0.09723226506945173,
        0.07497483173857475,
        0.06538233829046555,
        0.054176954013487925,
        0.05253769192174282
      ],
      [
        0.22706521196479898,
        0.3039695356036272,
        0.40068946346949547,
        0.5120405047612363,
        0.6330740822949058,
        0.7992765910196498,
        1.0,
        0.8097340015762969,
        0.6602990457169537,
        0.5388957848197219,
        0.4502627277168601,
        0.37236979317553937,
        0.3101495625754371,
        0.25122379328690975,
        0.1956010251799162,
        0.16518071775112592,
        0.13030975006127177,
        0.09909894704101763,
        0.08695673290751577,
        0.06177868481073051,
        0.05793369044632059
      ],
      [
        0.17490491327336763,
        0.24199720968433025,
        0.32183735652184375,
        0.4063125308351856,
        0.5041979742416696,
        0.6418025227452602,
        0.8097340015762969,
        1.0,
        0.8137619507359928,
        0.6693727148303188,
        0.5597844850556513,
        0.46467184303564607,
        0.38106558352601955,
        0.3142806586526499,
        0.24210266857608584,
        0.20695322569869418,
        0.1607176378004151,
        0.12410798857768339,
        0.10607584518422906,
        0.07843140243991881,
        0.07859081429181651
      ],
      [
        0.14053691014927563,
        0.20169507708347295,
        0.26202815761367604,
        0.33441642764173857,
        0.41027548319480905,
        0.5249523410818623,
        0.6602990457169537,
        0.8137619507359928,
        1.0,
        0.8257793303542571,
        0.6906092627840912,
        0.5773228228942862,
        0.47531892547340027,
        0.38880382036953,
        0.31020249952736645,
        0.2596851848820114,
        0.2022219256723432,
        0.15933689631243064,
        0.13016418421956688,
        0.09978331800681611,
        0.07999263681331846
      ],
      [
        0.10447244589777563,
        0.15531992681488915,
        0.20446129686438216,
        0.26181517854833003,
        0.3310943773345327,
        0.42949395140726226,
        0.5388957848197219,
        0.6693727148303188,
        0.8257793303542571,
        1.0,
        0.8373913533143177,
        0.7018587774782818,
        0.5782790383772076,
        0.47298542843411084,
        0.38109811424291756,
        0.3073310498172175,
        0.23814568069406916,
        0.188250857490987,
        0.14457306348055768,
        0.11373446521218696,
        0.09088390941526214
      ],
      [
        0.08328351840799875,
        0.12884579428284426,
        0.16777122853479934,
        0.220936729694188,
        0.27579007657781,
        0.35730264886807156,
        0.4502627277168601,
        0.5597844850556513,
        0.6906092627840912,
        0.8373913533143177,
        1.0,
        0.8397949506199424,
        0.698783536562348,
        0.573395419133664,
        0.46090053787903973,
        0.3758616166142285,
        0.29074021978035913,
        0.22188520730890693,
        0.17059731512432422,
        0.1344632962030937,
        0.10689383874926366
      ],
      [
        0.07023295177925055,
        0.10423557705888714,
        0.13498360753202876,
        0.17883197179682547,
        0.22712584269593886,
        0.29522346628982,
        0.37236979317553937,
        0.46467184303564607,
        0.5773228228942862,
        0.7018587774782818,
        0.8397949506199424,
        1.0,
        0.8370878891396136,
        0.6921006100529764,
        0.555660088840507,
        0.45405266024039037,
        0.3558718255044299,
        0.28191785720566503,
        0.21682556726264005,
        0.16952620104249347,
        0.13492824083376462
      ],
      [
        0.05362944410985998,
        0.08317955541174703,
        0.10986750657242063,
        0.1497072966487333,
        0.19265332497899343,
        0.24423148980661066,
        0.3101495625754371,
        0.38106558352601955,
        0.47531892547340027,
        0.5782790383772076,
        0.698783536562348,
        0.8370878891396136,
        1.0,
        0.8277374559140471,
        0.6722877895324387,
        0.5533355761025297,
        0.43560826075300535,
        0.34910186439301033,
        0.2750889527922657,
        0.21823786359526987,
        0.1593960156862263
      ],
      [
        0.04413270500308785,
        0.06765691936304757,
        0.08508308405568156,
        0.11674050704225176,
        0.16108884644587018,
        0.20339526274003883,
        0.25122379328690975,
        0.3142806586526499,
        0.38880382036953,
        0.47298542843411084,
        0.573395419133664,
        0.6921006100529764,
        0.8277374559140471,
        1.0,
        0.8246230996542337,
        0.674544239777885,
        0.5375888975412088,
        0.4309482555109454,
        0.33655464316012057,
        0.2725034850429535,
        0.19633908472567266
      ],
      [
        0.016848195879841293,
        0.041591670989162166,
        0.054565615846609725,
        0.08406509745092787,
        0.12064782487575543,
        0.15748463519807232,
        0.1956010251799162,
        0.24210266857608584,
        0.31020249952736645,
        0.38109811424291756,
        0.46090053787903973,
        0.555660088840507,
        0.6722877895324387,
        0.8246230996542337,
        1.0,
        0.8241977607563784,
        0.6631016473418057,
        0.5271508417766595,
        0.4116478087221651,
        0.329488330680772,
        0.24975003884641758
      ],
      [
        0.00938166886028473,
        0.04042884845339254,
        0.046747530010194376,
        0.06753716826301898,
        0.10101377868863289,
        0.12746426975385752,
        0.16518071775112592,
        0.20695322569869418,
        0.2596851848820114,
        0.3073310498172175,
        0.3758616166142285,
        0.45405266024039037,
        0.5533355761025297,
        0.674544239777885,
        0.8241977607563784,
        1.0,
        0.8150644379024466,
        0.6535480789334727,
        0.5181092369479708,
        0.41270554130970666,
        0.31801047526504866
      ],
      [
        0.0076711935711572055,
        0.03221438633741681,
        0.03358449052556522,
        0.05024076791028838,
        0.08013126410808323,
        0.09723226506945173,
        0.13030975006127177,
        0.1607176378004151,
        0.2022219256723432,
        0.23814568069406916,
        0.29074021978035913,
        0.3558718255044299,
        0.43560826075300535,
        0.5375888975412088,
        0.6631016473418057,
        0.8150644379024466,
        1.0,
        0.8051325602773666,
        0.6439382333880127,
        0.5114802499494749,
        0.39558806294009874
      ],
      [
        0.000982736442435981,
        0.024959725187816723,
        0.023818159527701784,
        0.03787384665134654,
        0.05790897699126224,
        0.07497483173857475,
        0.09909894704101763,
        0.12410798857768339,
        0.15933689631243064,
        0.188250857490987,
        0.22188520730890693,
        0.28191785720566503,
        0.34910186439301033,
        0.4309482555109454,
        0.5271508417766595,
        0.6535480789334727,
        0.8051325602773666,
        1.0,
        0.7995316743126039,
        0.6361304765712147,
        0.5019001305078432
      ],
      [
        0.0037174069384476958,
        0.030387326668928117,
        0.026512367082971104,
        0.037465565480465354,
        0.0494325244099874,
        0.06538233829046555,
        0.08695673290751577,
        0.10607584518422906,
        0.13016418421956688,
        0.14457306348055768,
        0.17059731512432422,
        0.21682556726264005,
        0.2750889527922657,
        0.33655464316012057,
        0.4116478087221651,
        0.5181092369479708,
        0.6439382333880127,
        0.7995316743126039,
        1.0,
        0.7966382184020522,
        0.6241448314284116
      ],
      [
        0.005100757691289479,
        0.02445512646373906,
        0.025809030049879885,
        0.028620622477276706,
        0.03468900425996937,
        0.054176954013487925,
        0.06177868481073051,
        0.07843140243991881,
        0.09978331800681611,
        0.11373446521218696,
        0.1344632962030937,
        0.16952620104249347,
        0.21823786359526987,
        0.2725034850429535,
        0.329488330680772,
        0.41270554130970666,
        0.5114802499494749,
        0.6361304765712147,
        0.7966382184020522,
        1.0,
        0.781419170539164
      ],
      [
        0.012768885025637923,
        0.028158588508647223,
        0.031622186229341806,
        0.033569782303665016,
        0.03978161379262878,
        0.05253769192174282,
        0.05793369044632059,
        0.07859081429181651,
        0.07999263681331846,
        0.09088390941526214,
        0.10689383874926366,
        0.13492824083376462,
        0.1593960156862263,
        0.19633908472567266,
        0.24975003884641758,
        0.31801047526504866,
        0.39558806294009874,
        0.5019001305078432,
        0.6241448314284116,
        0.781419170539164,
        1.0
      ]
    ]
  },
  "global_metrics": {
    "abs_exceedance_error_q95": 0.000559999999999998,
    "abs_exceedance_error_q99": 0.005430000000000001,
    "abs_quantile_error_q95_m": 0.0005391441285610143,
    "abs_quantile_error_q99_m": 0.0457804980874052,
    "crps_m": 0.053854267544659926,
    "dimension_normalized_energy_score_m": 0.07386877470424484,
    "energy_score_m": 0.33218055327205337,
    "error_jensen_shannon_distance": 0.05686181094978857,
    "first_difference_jensen_shannon_distance": 0.32704671439930943,
    "generated_abs_exceedance_q95": 0.051385,
    "generated_abs_exceedance_q99": 0.004895,
    "generated_abs_q95_m": 0.24702829569578166,
    "generated_abs_q99_m": 0.3523863455653205,
    "observed_abs_exceedance_q95": 0.050825,
    "observed_abs_exceedance_q99": 0.010325,
    "observed_abs_q95_m": 0.24648915156722065,
    "observed_abs_q99_m": 0.3981668436527257,
    "predictive_mean_mae_m": 0.07378068325080571,
    "predictive_mean_rmse_m": 0.1100363067314446,
    "residual_lag_one_correlation_mae": 0.784883703598413,
    "residual_spatial_correlation_rmse": 0.014705108994678022
  },
  "interval_metrics": {
    "0.50": {
      "global_empirical_coverage": 0.5298511785827551,
      "global_mean_width_m": 0.12698425265778654,
      "nominal_coverage": 0.5,
      "station_empirical_coverage": [
        0.49745188560465253,
        0.506085496732418,
        0.5061854227871375,
        0.5104222875072446,
        0.5179167416112077,
        0.5246517576993025,
        0.5311269660451267,
        0.5376221596018946,
        0.5550892339668645,
        0.5607050782421008,
        0.5622839099066691,
        0.5555488938185743,
        0.5478855224238548,
        0.5433346677341874,
        0.537785906660771,
        0.5327782504760747,
        0.5289780872414499,
        0.5198910426960598,
        0.5176004299341663,
        0.5126167198966283,
        0.5112010796221322
      ],
      "station_mean_width_m": [
        0.02415008725211954,
        0.030365226640459445,
        0.03816119413688017,
        0.04705358812092042,
        0.05683408520614001,
        0.06733201136420026,
        0.07941454520232781,
        0.09322199596548097,
        0.10794360810620593,
        0.12396368693703977,
        0.1382876107693614,
        0.15056172550628,
        0.16266883143495164,
        0.17376465186739737,
        0.1840017971300772,
        0.19300057771999254,
        0.20243719569739269,
        0.20705563633540375,
        0.2108210078739035,
        0.21432754910116378,
        0.2167522408056743
      ]
    },
    "0.90": {
      "global_empirical_coverage": 0.8861261363870673,
      "global_mean_width_m": 0.3023129593768771,
      "nominal_coverage": 0.9,
      "station_empirical_coverage": [
        0.8775306273357715,
        0.8807082758758519,
        0.8760317365149789,
        0.8776505386014349,
        0.8820272997981494,
        0.884945140595959,
        0.8857845194556029,
        0.8909207186681856,
        0.9021524072186582,
        0.9034514459300118,
        0.9014129544137338,
        0.8932390031376781,
        0.8896994164201775,
        0.8885108086469176,
        0.8843711058407364,
        0.8857015518009805,
        0.883022731927094,
        0.8807170910933739,
        0.8794616865959066,
        0.8790013896676988,
        0.8777597840755735
      ],
      "station_mean_width_m": [
        0.05745540970264708,
        0.07224002589613024,
        0.09080943432517442,
        0.11203961079872415,
        0.13549569738840228,
        0.16038776942171176,
        0.18915400684249423,
        0.22193778841844775,
        0.2572401959159588,
        0.29498892447340685,
        0.32915380673600775,
        0.35898321851054465,
        0.3869720986047508,
        0.4137936308930327,
        0.4383729044646862,
        0.459234160809195,
        0.4815035732169739,
        0.49313367032443806,
        0.5019306858377964,
        0.5098953233062218,
        0.5157165581874859
      ]
    },
    "0.95": {
      "global_empirical_coverage": 0.9259005428736663,
      "global_mean_width_m": 0.35383028594196786,
      "nominal_coverage": 0.95,
      "station_empirical_coverage": [
        0.9231968343425865,
        0.9246957251633791,
        0.9228770709674841,
        0.9213981653576353,
        0.9236365089833524,
        0.9249755181165937,
        0.9264144533045546,
        0.9297120131102984,
        0.9355277094949738,
        0.9353078721745908,
        0.9344285228930591,
        0.928552870875552,
        0.9243144935646335,
        0.9251200960768615,
        0.9232825501467219,
        0.9242332158340424,
        0.9250665574441942,
        0.9226107521432493,
        0.9224551032289847,
        0.9229587731916035,
        0.9206477732793522
      ],
      "station_mean_width_m": [
        0.0672241859736042,
        0.08454246905673524,
        0.10627046925446669,
        0.13123782945464135,
        0.15851215739355387,
        0.18775569191557087,
        0.22139456167364527,
        0.25972722536370974,
        0.30088210093135714,
        0.3453238830288021,
        0.3851699587193997,
        0.4201334497458306,
        0.45294938168601573,
        0.4841339747504661,
        0.5129907565505988,
        0.5374024277419757,
        0.5634451883644632,
        0.5773252683230329,
        0.5878178836430888,
        0.5969882443806594,
        0.6036332004681559
      ]
    }
  },
  "model_name": "conditional_multivariate_gaussian",
  "observed_value_count": 1018469,
  "s_grid_m": [
    0.0,
    5.0,
    10.0,
    15.0,
    20.0,
    25.0,
    30.0,
    35.0,
    40.0,
    45.0,
    50.0,
    55.0,
    60.0,
    65.0,
    70.0,
    75.0,
    80.0,
    85.0,
    90.0,
    95.0,
    100.0
  ],
  "sample_count": 64,
  "scenario": "nonlinear_heavy_tailed",
  "schema_version": "1.0.0",
  "sequence_count": 400,
  "station_metrics": {
    "crps_m": [
      0.010441050025218815,
      0.012996469793688029,
      0.016495682118388273,
      0.02035242060363359,
      0.0244259293533875,
      0.028705877564124894,
      0.03387940087732514,
      0.039393972287534766,
      0.04454110093621278,
      0.05099687739678652,
      0.05691041392800636,
      0.06311696122963696,
      0.06868200461790605,
      0.07363331771583076,
      0.0785016894077609,
      0.08187479830389952,
      0.08591164787759441,
      0.08882958058580336,
      0.09041522151772467,
      0.09185976935835928,
      0.09315002370034561
    ],
    "observation_count": [
      50037,
      50037,
      50037,
      50037,
      50037,
      50037,
      50037,
      50037,
      50037,
      50037,
      50037,
      50037,
      50036,
      49960,
      49754,
      49362,
      48830,
      47358,
      44658,
      41017,
      37050
    ],
    "predictive_mean_mae_m": [
      0.014554193095367162,
      0.018092484343609817,
      0.022890358363877362,
      0.02817506029448503,
      0.03370146101611597,
      0.03947062903850387,
      0.0464685332871728,
      0.053852424491155904,
      0.06060888182407295,
      0.06905298210892745,
      0.07705380226348829,
      0.08550368171720983,
      0.09326978860706102,
      0.10019376701503555,
      0.10699166002237437,
      0.11208842120532193,
      0.11809754185078597,
      0.12236243766761834,
      0.12464295137872701,
      0.12706946846453912,
      0.1291020066381851
    ],
    "predictive_mean_rmse_m": [
      0.018539439147018978,
      0.02311894015887332,
      0.029452658837559532,
      0.036484284544884685,
      0.044011693988348165,
      0.05206643799321623,
      0.061872365335090114,
      0.07230173976341576,
      0.08243864853058014,
      0.09466673824315093,
      0.10537581261238353,
      0.11641527270443246,
      0.12580137567007155,
      0.13481931178799986,
      0.1429982605867862,
      0.14835700921114273,
      0.15473495224457987,
      0.15962348624889933,
      0.16187250525403638,
      0.1638709166500059,
      0.1658036437424261
    ]
  }
}
