{
  "approximation_metadata": {
    "dependence_frame_count": 20000,
    "dependence_sample_count": 16,
    "energy_frame_count": 2000,
    "energy_sample_count": 32,
    "first_difference_generated_value_count": 200000,
    "first_difference_observed_value_count": 200000,
    "jensen_shannon_logarithm_base": "2",
    "marginal_generated_value_count": 200000,
    "marginal_observed_value_count": 200000,
    "metric_seed": 20260714
  },
  "dependence_diagnostics": {
    "generated_residual_lag_one_correlation_by_station": [
      0.7644225857133851,
      0.7654856869771879,
      0.7672000647200756,
      0.7714003747510281,
      0.7750033166621231,
      0.7818550597551421,
      0.7901955907898353,
      0.8029330386328817,
      0.8136350263785348,
      0.8203422342515257,
      0.8251787700149424,
      0.8241719467882013,
      0.8207825326527144,
      0.818171778471984,
      0.8135624919140896,
      0.8086133935342334,
      0.8030147294148164,
      0.7938168919121272,
      0.7849249016083404,
      0.7805286099809674,
      0.7732295641177491
    ],
    "generated_residual_spatial_correlation": [
      [
        1.0,
        0.6925707451175541,
        0.5276757958294745,
        0.4029896363562543,
        0.31563405929525207,
        0.2415100635006187,
        0.17914866318542508,
        0.14079593431232043,
        0.11545864284599738,
        0.090150223449347,
        0.07185155493099944,
        0.0583007485142164,
        0.04422680309165312,
        0.031301320083202404,
        0.025711718826547086,
        0.021439490651769894,
        0.022421161474562763,
        0.015669952610280823,
        0.013148487562366518,
        0.01511877394738756,
        0.012578834253643884
      ],
      [
        0.6925707451175541,
        1.0,
        0.6906616590892085,
        0.5312605080271336,
        0.41148569133995366,
        0.3154060988303654,
        0.2427307667187464,
        0.1894569291450007,
        0.1533557466098319,
        0.12217770109082281,
        0.09624124139088859,
        0.07870222952250266,
        0.06275889178483497,
        0.04646247698503038,
        0.036020986405561284,
        0.03211688046182581,
        0.029660222369452687,
        0.02346321236739484,
        0.020685642880334244,
        0.01942948322709364,
        0.014153014529649144
      ],
      [
        0.5276757958294745,
        0.6906616590892085,
        1.0,
        0.6925877848514871,
        0.5352361592270642,
        0.41123763240910305,
        0.3170400285009899,
        0.24730769527324695,
        0.19534527190151638,
        0.15373137741923928,
        0.12024428614291285,
        0.09977343738566506,
        0.07929704309063339,
        0.05859411314952109,
        0.04562792555690509,
        0.03691686713713591,
        0.03246885200601253,
        0.023983250958910737,
        0.02369950041626809,
        0.021951744696331873,
        0.01599544998576855
      ],
      [
        0.4029896363562543,
        0.5312605080271336,
        0.6925877848514871,
        1.0,
        0.69675057743486,
        0.5368418343253655,
        0.4137209355589948,
        0.3196490706639464,
        0.24838437406518524,
        0.19893967967690757,
        0.15504188621587658,
        0.12463704953730856,
        0.09494434114417867,
        0.07540890497223277,
        0.06097132439473198,
        0.051516039312330925,
        0.04222996716527464,
        0.031205033717691944,
        0.02576898296943206,
        0.024222609663118618,
        0.016628441574504597
      ],
      [
        0.31563405929525207,
        0.41148569133995366,
        0.5352361592270642,
        0.69675057743486,
        1.0,
        0.69398048591644,
        0.5351821664793406,
        0.41656454489265243,
        0.3235360118676062,
        0.2555345524625498,
        0.20044921850376024,
        0.15719244157192513,
        0.12307882855557827,
        0.09629936972968127,
        0.07342065515989114,
        0.061305667643362025,
        0.0500936887256191,
        0.03653252159606835,
        0.03196874408677038,
        0.03068090616167114,
        0.019537614150051175
      ],
      [
        0.2415100635006187,
        0.3154060988303654,
        0.41123763240910305,
        0.5368418343253655,
        0.69398048591644,
        1.0,
        0.6933136966307455,
        0.5388913691213949,
        0.4187291600587041,
        0.32675295351577494,
        0.25709722085021164,
        0.2028037357131448,
        0.15638249561603432,
        0.1204772276107178,
        0.09071765339297194,
        0.07543155422737625,
        0.061853952617260136,
        0.04711768351408078,
        0.03805128302406848,
        0.03443221302241947,
        0.02491741516152143
      ],
      [
        0.17914866318542508,
        0.2427307667187464,
        0.3170400285009899,
        0.4137209355589948,
        0.5351821664793406,
        0.6933136966307455,
        1.0,
        0.6975276684057415,
        0.5401324573564181,
        0.4223280712532964,
        0.3342562913392425,
        0.2615358392730964,
        0.19952309109148456,
        0.15486263777538045,
        0.11973445016117032,
        0.09888484174578485,
        0.07858256151968727,
        0.057562508162588386,
        0.04246512802540144,
        0.04013467811838981,
        0.02945330240737795
      ],
      [
        0.14079593431232043,
        0.1894569291450007,
        0.24730769527324695,
        0.3196490706639464,
        0.41656454489265243,
        0.5388913691213949,
        0.6975276684057415,
        1.0,
        0.6985069100114996,
        0.5445240779748317,
        0.4268707465927062,
        0.33311284877651215,
        0.25725342627530173,
        0.20020507961173653,
        0.15771832496918747,
        0.12619947290531858,
        0.10001495663230205,
        0.07631639880329581,
        0.059594176755826914,
        0.04948414214400911,
        0.036145820250228465
      ],
      [
        0.11545864284599738,
        0.1533557466098319,
        0.19534527190151638,
        0.24838437406518524,
        0.3235360118676062,
        0.4187291600587041,
        0.5401324573564181,
        0.6985069100114996,
        1.0,
        0.7002290294230029,
        0.5458068085950641,
        0.4222692803093279,
        0.32775976999062517,
        0.25661374592059183,
        0.1984310359763854,
        0.15910996429509597,
        0.12601479351643435,
        0.09796871028827234,
        0.07771250297806491,
        0.06366161426651513,
        0.04967898337815766
      ],
      [
        0.090150223449347,
        0.12217770109082281,
        0.15373137741923928,
        0.19893967967690757,
        0.2555345524625498,
        0.32675295351577494,
        0.4223280712532964,
        0.5445240779748317,
        0.7002290294230029,
        1.0,
        0.7010817242840021,
        0.5446934704055308,
        0.42235900180360153,
        0.329680230276598,
        0.25242653203562593,
        0.19878523154141023,
        0.1589226736501859,
        0.12771953669423974,
        0.09592882435703318,
        0.07579701580718702,
        0.059720057219992975
      ],
      [
        0.07185155493099944,
        0.09624124139088859,
        0.12024428614291285,
        0.15504188621587658,
        0.20044921850376024,
        0.25709722085021164,
        0.3342562913392425,
        0.4268707465927062,
        0.5458068085950641,
        0.7010817242840021,
        1.0,
        0.7011582061700801,
        0.5469631503479788,
        0.42475947806434805,
        0.32825212795334213,
        0.254330987952546,
        0.20087645441799093,
        0.15754311143347788,
        0.1155190708250601,
        0.09312872116758021,
        0.06942033776414687
      ],
      [
        0.0583007485142164,
        0.07870222952250266,
        0.09977343738566506,
        0.12463704953730856,
        0.15719244157192513,
        0.2028037357131448,
        0.2615358392730964,
        0.33311284877651215,
        0.4222692803093279,
        0.5446934704055308,
        0.7011582061700801,
        1.0,
        0.7017323885994375,
        0.5438227134702128,
        0.42086149468097317,
        0.32890087141351465,
        0.26112638671030325,
        0.20362504688898392,
        0.15586105231331102,
        0.12557351387055704,
        0.0971723490543585
      ],
      [
        0.04422680309165312,
        0.06275889178483497,
        0.07929704309063339,
        0.09494434114417867,
        0.12307882855557827,
        0.15638249561603432,
        0.19952309109148456,
        0.25725342627530173,
        0.32775976999062517,
        0.42235900180360153,
        0.5469631503479788,
        0.7017323885994375,
        1.0,
        0.6965111533701922,
        0.5420501359345268,
        0.42133927430901946,
        0.3298867151739524,
        0.25722228082379656,
        0.19571738963537724,
        0.15700517351607002,
        0.12070971078949232
      ],
      [
        0.031301320083202404,
        0.04646247698503038,
        0.05859411314952109,
        0.07540890497223277,
        0.09629936972968127,
        0.1204772276107178,
        0.15486263777538045,
        0.20020507961173653,
        0.25661374592059183,
        0.329680230276598,
        0.42475947806434805,
        0.5438227134702128,
        0.6965111533701922,
        1.0,
        0.6983959787960318,
        0.5411896154209592,
        0.42150945914508275,
        0.3294708645719212,
        0.2541942010036133,
        0.2035724481681163,
        0.1575367436128512
      ],
      [
        0.025711718826547086,
        0.036020986405561284,
        0.04562792555690509,
        0.06097132439473198,
        0.07342065515989114,
        0.09071765339297194,
        0.11973445016117032,
        0.15771832496918747,
        0.1984310359763854,
        0.25242653203562593,
        0.32825212795334213,
        0.42086149468097317,
        0.5420501359345268,
        0.6983959787960318,
        1.0,
        0.6944883661497308,
        0.5377159307391353,
        0.4199059411159573,
        0.32709832280297824,
        0.2552750869421587,
        0.19427885793517974
      ],
      [
        0.021439490651769894,
        0.03211688046182581,
        0.03691686713713591,
        0.051516039312330925,
        0.061305667643362025,
        0.07543155422737625,
        0.09888484174578485,
        0.12619947290531858,
        0.15910996429509597,
        0.19878523154141023,
        0.254330987952546,
        0.32890087141351465,
        0.42133927430901946,
        0.5411896154209592,
        0.6944883661497308,
        1.0,
        0.6945643310151213,
        0.5388441051619349,
        0.4168868159861172,
        0.3242088121377928,
        0.2492964652696299
      ],
      [
        0.022421161474562763,
        0.029660222369452687,
        0.03246885200601253,
        0.04222996716527464,
        0.0500936887256191,
        0.061853952617260136,
        0.07858256151968727,
        0.10001495663230205,
        0.12601479351643435,
        0.1589226736501859,
        0.20087645441799093,
        0.26112638671030325,
        0.3298867151739524,
        0.42150945914508275,
        0.5377159307391353,
        0.6945643310151213,
        1.0,
        0.6914517175376216,
        0.5352235839979048,
        0.4134526843860737,
        0.3152758286736732
      ],
      [
        0.015669952610280823,
        0.02346321236739484,
        0.023983250958910737,
        0.031205033717691944,
        0.03653252159606835,
        0.04711768351408078,
        0.057562508162588386,
        0.07631639880329581,
        0.09796871028827234,
        0.12771953669423974,
        0.15754311143347788,
        0.20362504688898392,
        0.25722228082379656,
        0.3294708645719212,
        0.4199059411159573,
        0.5388441051619349,
        0.6914517175376216,
        1.0,
        0.683606362576998,
        0.5281822909570041,
        0.40290196219791974
      ],
      [
        0.013148487562366518,
        0.020685642880334244,
        0.02369950041626809,
        0.02576898296943206,
        0.03196874408677038,
        0.03805128302406848,
        0.04246512802540144,
        0.059594176755826914,
        0.07771250297806491,
        0.09592882435703318,
        0.1155190708250601,
        0.15586105231331102,
        0.19571738963537724,
        0.2541942010036133,
        0.32709832280297824,
        0.4168868159861172,
        0.5352235839979048,
        0.683606362576998,
        1.0,
        0.6814503196261901,
        0.5251196455564499
      ],
      [
        0.01511877394738756,
        0.01942948322709364,
        0.021951744696331873,
        0.024222609663118618,
        0.03068090616167114,
        0.03443221302241947,
        0.04013467811838981,
        0.04948414214400911,
        0.06366161426651513,
        0.07579701580718702,
        0.09312872116758021,
        0.12557351387055704,
        0.15700517351607002,
        0.2035724481681163,
        0.2552750869421587,
        0.3242088121377928,
        0.4134526843860737,
        0.5281822909570041,
        0.6814503196261901,
        1.0,
        0.6797107557510254
      ],
      [
        0.012578834253643884,
        0.014153014529649144,
        0.01599544998576855,
        0.016628441574504597,
        0.019537614150051175,
        0.02491741516152143,
        0.02945330240737795,
        0.036145820250228465,
        0.04967898337815766,
        0.059720057219992975,
        0.06942033776414687,
        0.0971723490543585,
        0.12070971078949232,
        0.1575367436128512,
        0.19427885793517974,
        0.2492964652696299,
        0.3152758286736732,
        0.40290196219791974,
        0.5251196455564499,
        0.6797107557510254,
        1.0
      ]
    ],
    "observed_residual_lag_one_correlation_by_station": [
      0.7671654679409885,
      0.7639370641589577,
      0.7701721581851756,
      0.7764603322531108,
      0.7825270206987465,
      0.7870000498862412,
      0.7990249367359681,
      0.8084035813674348,
      0.8148561921107235,
      0.8250233205021898,
      0.827366340867727,
      0.8308676546349181,
      0.827368487192898,
      0.8235052865235598,
      0.818090988521458,
      0.809541371802877,
      0.801622999241919,
      0.794451659753967,
      0.7846073493796999,
      0.7769186800747498,
      0.7689461906514872
    ],
    "observed_residual_spatial_correlation": [
      [
        1.0,
        0.76961168987155,
        0.5979475726339563,
        0.4642725522072677,
        0.36133701139946317,
        0.28780555721590967,
        0.22908648648610175,
        0.17734758459505431,
        0.14181606593202173,
        0.10517221101822992,
        0.08348147228969476,
        0.0697436621767953,
        0.05420725106582848,
        0.043895580047688836,
        0.016298524776186214,
        0.006288421002586659,
        0.007135608461495461,
        0.0014814076810997208,
        0.0017323673340510098,
        0.005057307019058893,
        0.013145179713065534
      ],
      [
        0.76961168987155,
        1.0,
        0.7772667804012555,
        0.614305809886834,
        0.48722202437426587,
        0.38237092737518563,
        0.3051894156670861,
        0.24200159324747336,
        0.2019536014176171,
        0.15502036172963626,
        0.12756741440659317,
        0.10385235963708989,
        0.08419374609755978,
        0.06634393570002717,
        0.04024943799455872,
        0.03843706652011612,
        0.03135172650155415,
        0.023567178967697427,
        0.028467749579231455,
        0.025206725075306628,
        0.02823646790166632
      ],
      [
        0.5979475726339563,
        0.7772667804012555,
        1.0,
        0.7835308626999816,
        0.6230104726920154,
        0.49662917603235124,
        0.4010956171621601,
        0.32136137326985315,
        0.26260867703979707,
        0.20277726820259068,
        0.16762134197509998,
        0.13631701286485948,
        0.1123736718726282,
        0.08508502214265252,
        0.0567810178399059,
        0.0480858423286036,
        0.03643666528160433,
        0.02612638228837327,
        0.02802156182919979,
        0.025189858058842374,
        0.03076582313450448
      ],
      [
        0.4642725522072677,
        0.614305809886834,
        0.7835308626999816,
        1.0,
        0.7884134556456397,
        0.6330915474975329,
        0.5102559698449598,
        0.402886070263795,
        0.3317651525177948,
        0.25933531687710487,
        0.218984889913058,
        0.178044562166289,
        0.1488043706426826,
        0.11282892198474911,
        0.08210881685707914,
        0.0656594762689561,
        0.049646376826472,
        0.038804063716936725,
        0.03882885745011734,
        0.029176444441148742,
        0.034106744229371516
      ],
      [
        0.36133701139946317,
        0.48722202437426587,
        0.6230104726920154,
        0.7884134556456397,
        1.0,
        0.7921435829504699,
        0.6315017796821727,
        0.5009458592190729,
        0.4081865646103942,
        0.32932848935028014,
        0.27311961942004354,
        0.2254108505817973,
        0.18881604709192984,
        0.15492255267334912,
        0.11821342582501031,
        0.0985655348001393,
        0.07818358439624441,
        0.05797721525033,
        0.04957389855609034,
        0.03446379341330343,
        0.038952683832125246
      ],
      [
        0.28780555721590967,
        0.38237092737518563,
        0.49662917603235124,
        0.6330915474975329,
        0.7921435829504699,
        1.0,
        0.7973312892331007,
        0.6393061109616844,
        0.524522185260122,
        0.4294580677113695,
        0.35563206680327053,
        0.293862916212845,
        0.24055839906522025,
        0.19947360793676147,
        0.15688733333039317,
        0.1249152124926425,
        0.09617250442963461,
        0.07351661316099738,
        0.06579194678197298,
        0.05366736258337181,
        0.05423350628060756
      ],
      [
        0.22908648648610175,
        0.3051894156670861,
        0.4010956171621601,
        0.5102559698449598,
        0.6315017796821727,
        0.7973312892331007,
        1.0,
        0.8081972857814846,
        0.65809675736574,
        0.5374385346838345,
        0.44796033400409857,
        0.3712630525189315,
        0.306514021901661,
        0.2463715009737261,
        0.19271887564077342,
        0.1619062215925888,
        0.12841426240065307,
        0.09819295717524436,
        0.08841018923219852,
        0.06142014124283183,
        0.05964064626901506
      ],
      [
        0.17734758459505431,
        0.24200159324747336,
        0.32136137326985315,
        0.402886070263795,
        0.5009458592190729,
        0.6393061109616844,
        0.8081972857814846,
        1.0,
        0.8111327455312477,
        0.6662219605551216,
        0.5555678213503771,
        0.4614169139186474,
        0.37524597053221065,
        0.30744957580237187,
        0.23674999424864573,
        0.20218607724179,
        0.15644736117680136,
        0.12027639919657108,
        0.10652617373611403,
        0.07726994000240418,
        0.07900729935123797
      ],
      [
        0.14181606593202173,
        0.2019536014176171,
        0.26260867703979707,
        0.3317651525177948,
        0.4081865646103942,
        0.524522185260122,
        0.65809675736574,
        0.8111327455312477,
        1.0,
        0.823988048502424,
        0.6896055552361927,
        0.5764820030278315,
        0.47150819704682617,
        0.3834734073656261,
        0.30576338457757557,
        0.2552781720364033,
        0.19807111723118673,
        0.15599094732162638,
        0.12963094764239155,
        0.0985593340980843,
        0.08008220855298577
      ],
      [
        0.10517221101822992,
        0.15502036172963626,
        0.20277726820259068,
        0.25933531687710487,
        0.32932848935028014,
        0.4294580677113695,
        0.5374385346838345,
        0.6662219605551216,
        0.823988048502424,
        1.0,
        0.8349777819070283,
        0.6989923554018217,
        0.5730921992784472,
        0.4688811509688888,
        0.3768344577212497,
        0.30103665885199593,
        0.2325764931292488,
        0.18425106393753696,
        0.14455855891914515,
        0.11441565455629268,
        0.09301078512480898
      ],
      [
        0.08348147228969476,
        0.12756741440659317,
        0.16762134197509998,
        0.218984889913058,
        0.27311961942004354,
        0.35563206680327053,
        0.44796033400409857,
        0.5555678213503771,
        0.6896055552361927,
        0.8349777819070283,
        1.0,
        0.8365525694647055,
        0.6926390570682319,
        0.568458821899584,
        0.45643176329236174,
        0.3710675273712989,
        0.2861581084904014,
        0.21875834054400453,
        0.17104951920076378,
        0.13565081834478762,
        0.10926077788627805
      ],
      [
        0.0697436621767953,
        0.10385235963708989,
        0.13631701286485948,
        0.178044562166289,
        0.2254108505817973,
        0.293862916212845,
        0.3712630525189315,
        0.4614169139186474,
        0.5764820030278315,
        0.6989923554018217,
        0.8365525694647055,
        1.0,
        0.8341871718282147,
        0.6894658426959773,
        0.551893450230421,
        0.44919143779299847,
        0.35154286741189095,
        0.27691549007671346,
        0.21458393209525636,
        0.1689128010719848,
        0.13637767660557643
      ],
      [
        0.05420725106582848,
        0.08419374609755978,
        0.1123736718726282,
        0.1488043706426826,
        0.18881604709192984,
        0.24055839906522025,
        0.306514021901661,
        0.37524597053221065,
        0.47150819704682617,
        0.5730921992784472,
        0.6926390570682319,
        0.8341871718282147,
        1.0,
        0.8268663597257886,
        0.6688984566070247,
        0.548700439998123,
        0.4320993278167188,
        0.34491260409586855,
        0.2746419809671684,
        0.21857592324605093,
        0.16153022829751848
      ],
      [
        0.043895580047688836,
        0.06634393570002717,
        0.08508502214265252,
        0.11282892198474911,
        0.15492255267334912,
        0.19947360793676147,
        0.2463715009737261,
        0.30744957580237187,
        0.3834734073656261,
        0.4688811509688888,
        0.568458821899584,
        0.6894658426959773,
        0.8268663597257886,
        1.0,
        0.8215714706483179,
        0.6701975818663646,
        0.5324268169961967,
        0.4270873499396849,
        0.33445532172160497,
        0.27041863571591734,
        0.1951843229241474
      ],
      [
        0.016298524776186214,
        0.04024943799455872,
        0.0567810178399059,
        0.08210881685707914,
        0.11821342582501031,
        0.15688733333039317,
        0.19271887564077342,
        0.23674999424864573,
        0.30576338457757557,
        0.3768344577212497,
        0.45643176329236174,
        0.551893450230421,
        0.6688984566070247,
        0.8215714706483179,
        1.0,
        0.821299269773179,
        0.6606686621758646,
        0.5265107174935454,
        0.41222124241253044,
        0.32904321309028944,
        0.24953226029365527
      ],
      [
        0.006288421002586659,
        0.03843706652011612,
        0.0480858423286036,
        0.0656594762689561,
        0.0985655348001393,
        0.1249152124926425,
        0.1619062215925888,
        0.20218607724179,
        0.2552781720364033,
        0.30103665885199593,
        0.3710675273712989,
        0.44919143779299847,
        0.548700439998123,
        0.6701975818663646,
        0.821299269773179,
        1.0,
        0.8142503062648482,
        0.6520127027740327,
        0.5151591619114579,
        0.4107765050100971,
        0.3159902488905321
      ],
      [
        0.007135608461495461,
        0.03135172650155415,
        0.03643666528160433,
        0.049646376826472,
        0.07818358439624441,
        0.09617250442963461,
        0.12841426240065307,
        0.15644736117680136,
        0.19807111723118673,
        0.2325764931292488,
        0.2861581084904014,
        0.35154286741189095,
        0.4320993278167188,
        0.5324268169961967,
        0.6606686621758646,
        0.8142503062648482,
        1.0,
        0.803991306002734,
        0.6432065892330591,
        0.5117423328530962,
        0.3948428786740955
      ],
      [
        0.0014814076810997208,
        0.023567178967697427,
        0.02612638228837327,
        0.038804063716936725,
        0.05797721525033,
        0.07351661316099738,
        0.09819295717524436,
        0.12027639919657108,
        0.15599094732162638,
        0.18425106393753696,
        0.21875834054400453,
        0.27691549007671346,
        0.34491260409586855,
        0.4270873499396849,
        0.5265107174935454,
        0.6520127027740327,
        0.803991306002734,
        1.0,
        0.7978668768290623,
        0.6327931766724684,
        0.49945030757429776
      ],
      [
        0.0017323673340510098,
        0.028467749579231455,
        0.02802156182919979,
        0.03882885745011734,
        0.04957389855609034,
        0.06579194678197298,
        0.08841018923219852,
        0.10652617373611403,
        0.12963094764239155,
        0.14455855891914515,
        0.17104951920076378,
        0.21458393209525636,
        0.2746419809671684,
        0.33445532172160497,
        0.41222124241253044,
        0.5151591619114579,
        0.6432065892330591,
        0.7978668768290623,
        1.0,
        0.7939746011304236,
        0.6206089416445432
      ],
      [
        0.005057307019058893,
        0.025206725075306628,
        0.025189858058842374,
        0.029176444441148742,
        0.03446379341330343,
        0.05366736258337181,
        0.06142014124283183,
        0.07726994000240418,
        0.0985593340980843,
        0.11441565455629268,
        0.13565081834478762,
        0.1689128010719848,
        0.21857592324605093,
        0.27041863571591734,
        0.32904321309028944,
        0.4107765050100971,
        0.5117423328530962,
        0.6327931766724684,
        0.7939746011304236,
        1.0,
        0.7785159648086819
      ],
      [
        0.013145179713065534,
        0.02823646790166632,
        0.03076582313450448,
        0.034106744229371516,
        0.038952683832125246,
        0.05423350628060756,
        0.05964064626901506,
        0.07900729935123797,
        0.08008220855298577,
        0.09301078512480898,
        0.10926077788627805,
        0.13637767660557643,
        0.16153022829751848,
        0.1951843229241474,
        0.24953226029365527,
        0.3159902488905321,
        0.3948428786740955,
        0.49945030757429776,
        0.6206089416445432,
        0.7785159648086819,
        1.0
      ]
    ]
  },
  "global_metrics": {
    "abs_exceedance_error_q95": 0.0026599999999999957,
    "abs_exceedance_error_q99": 0.0012050000000000012,
    "abs_quantile_error_q95_m": 0.004314880818128447,
    "abs_quantile_error_q99_m": 0.011204689443111648,
    "crps_m": 0.05347561031886268,
    "dimension_normalized_energy_score_m": 0.07330059667937802,
    "energy_score_m": 0.3295943965083653,
    "error_jensen_shannon_distance": 0.02329470551967654,
    "first_difference_jensen_shannon_distance": 0.014182550213835009,
    "generated_abs_exceedance_q95": 0.053485,
    "generated_abs_exceedance_q99": 0.00912,
    "generated_abs_q95_m": 0.2508040323853491,
    "generated_abs_q99_m": 0.38696215420961405,
    "observed_abs_exceedance_q95": 0.050825,
    "observed_abs_exceedance_q99": 0.010325,
    "observed_abs_q95_m": 0.24648915156722065,
    "observed_abs_q99_m": 0.3981668436527257,
    "predictive_mean_mae_m": 0.07377392793703014,
    "predictive_mean_rmse_m": 0.11003290665133471,
    "residual_lag_one_correlation_mae": 0.0038900457441622643,
    "residual_spatial_correlation_rmse": 0.07969000641484131
  },
  "interval_metrics": {
    "0.50": {
      "global_empirical_coverage": 0.49600331477934034,
      "global_mean_width_m": 0.1194750950560357,
      "nominal_coverage": 0.5,
      "station_empirical_coverage": [
        0.4821831844435118,
        0.48180346543557767,
        0.4773267781841437,
        0.4796450626536363,
        0.48386194216279954,
        0.49079681036033335,
        0.4938945180566381,
        0.49653256590123307,
        0.513200231828447,
        0.5141595219537543,
        0.5148390191258468,
        0.5064652157403522,
        0.5047765608761692,
        0.5024019215372297,
        0.501989789765647,
        0.4997771565171589,
        0.49383575670694246,
        0.49026563621774566,
        0.4970889874154687,
        0.49776921764146576,
        0.49279352226720646
      ],
      "station_mean_width_m": [
        0.023380338017834477,
        0.029147150058892866,
        0.03633285153700035,
        0.044598264542651575,
        0.053736198898672115,
        0.06338424453319044,
        0.07432950411177866,
        0.08702050907261538,
        0.10042940477454408,
        0.11418687902915611,
        0.12724460547881394,
        0.1390942295236045,
        0.15064121041785794,
        0.16135467114193577,
        0.17232025600550496,
        0.18129658801899604,
        0.19066982950852926,
        0.19754462515436544,
        0.20159319464331757,
        0.2064586930108361,
        0.20907143030132766
      ]
    },
    "0.90": {
      "global_empirical_coverage": 0.878024760694729,
      "global_mean_width_m": 0.2970975254584133,
      "nominal_coverage": 0.9,
      "station_empirical_coverage": [
        0.8665387613166257,
        0.8730339548733936,
        0.8701960549193597,
        0.8686571936766793,
        0.8740931710534204,
        0.8785099026720227,
        0.8732937626156644,
        0.8797889561724324,
        0.8898615024881588,
        0.8909207186681856,
        0.8873033954873394,
        0.8820073145872055,
        0.8794068270844991,
        0.8781024819855885,
        0.8765325400972787,
        0.8800494307361938,
        0.8781281998771248,
        0.8780142742514464,
        0.8771104841237852,
        0.8797084135846113,
        0.8773009446693657
      ],
      "station_mean_width_m": [
        0.057023319508433666,
        0.07160786043358007,
        0.08958051154255138,
        0.11025156445660936,
        0.13307108026216793,
        0.1573400129009764,
        0.18448101472855494,
        0.2160041920756881,
        0.25002154344600147,
        0.2850508040143383,
        0.3176567438455547,
        0.3469638745048068,
        0.37519511694236146,
        0.40198387220834875,
        0.42843768730929244,
        0.4507212813121165,
        0.4738857823794889,
        0.4906704352749732,
        0.5014734842346613,
        0.5139958557843342,
        0.5202195631434657
      ]
    },
    "0.95": {
      "global_empirical_coverage": 0.9253968456575506,
      "global_mean_width_m": 0.3551117286849305,
      "nominal_coverage": 0.95,
      "station_empirical_coverage": [
        0.9185402801926574,
        0.9235365829286328,
        0.9209784759278135,
        0.9220177068968963,
        0.9248156364290425,
        0.9266942462577693,
        0.9220976477406719,
        0.9266143054139937,
        0.9329696024941543,
        0.9329895877050982,
        0.9299518356416252,
        0.9248356216399864,
        0.9239747381885043,
        0.9240392313851081,
        0.9225589902319411,
        0.924800453790365,
        0.9248412860946139,
        0.9260526204653913,
        0.9262842043978683,
        0.928834385742497,
        0.9270445344129554
      ],
      "station_mean_width_m": [
        0.06761044453434835,
        0.08512093036876044,
        0.10681442007861931,
        0.13159830471150968,
        0.15887976908525894,
        0.1879342517477225,
        0.22062348958716205,
        0.25826297750415356,
        0.2988968813658139,
        0.34100490400223255,
        0.3802389980669319,
        0.41513903618888826,
        0.44851982337844787,
        0.48062803774313756,
        0.5118189177700005,
        0.5381723962594704,
        0.5660165426798549,
        0.586421985195197,
        0.5997774099656884,
        0.6148166633014467,
        0.6226225242364384
      ]
    }
  },
  "model_name": "autoregressive_input_output_hmm",
  "observed_value_count": 1018469,
  "s_grid_m": [
    0.0,
    5.0,
    10.0,
    15.0,
    20.0,
    25.0,
    30.0,
    35.0,
    40.0,
    45.0,
    50.0,
    55.0,
    60.0,
    65.0,
    70.0,
    75.0,
    80.0,
    85.0,
    90.0,
    95.0,
    100.0
  ],
  "sample_count": 64,
  "scenario": "nonlinear_heavy_tailed",
  "schema_version": "1.0.0",
  "sequence_count": 400,
  "station_metrics": {
    "crps_m": [
      0.010457810541718432,
      0.012990223032309347,
      0.016460744563833927,
      0.020259039105124894,
      0.024295444531317205,
      0.028554146159781243,
      0.0337618481727259,
      0.039166701961222114,
      0.04423737934937007,
      0.05048290953104781,
      0.056355964416480143,
      0.06260349842308353,
      0.06801355138158989,
      0.07292312449820186,
      0.07784196947254489,
      0.08114375391171999,
      0.08520620067614641,
      0.08828092800164485,
      0.0898713146409008,
      0.0913128003316062,
      0.09290606668931682
    ],
    "observation_count": [
      50037,
      50037,
      50037,
      50037,
      50037,
      50037,
      50037,
      50037,
      50037,
      50037,
      50037,
      50037,
      50036,
      49960,
      49754,
      49362,
      48830,
      47358,
      44658,
      41017,
      37050
    ],
    "predictive_mean_mae_m": [
      0.014552751348651449,
      0.018098902899576205,
      0.02291388547619479,
      0.02815202559861691,
      0.03376221999015036,
      0.03956953262509867,
      0.04653705428834442,
      0.053954644827479345,
      0.06063219816255187,
      0.06903570858891113,
      0.07702303595820767,
      0.08559071755364739,
      0.09325613001211205,
      0.10007469860695156,
      0.10706435790424278,
      0.11199950395498781,
      0.11799708813796074,
      0.12250808937360072,
      0.12447379776702724,
      0.1266762500268922,
      0.12916382045126026
    ],
    "predictive_mean_rmse_m": [
      0.018542631838280067,
      0.02313256495445784,
      0.029479628264358793,
      0.03647995905778308,
      0.044056207902984895,
      0.05222683112024306,
      0.06206498781050316,
      0.07241167408045461,
      0.08250821610562284,
      0.09462795480886145,
      0.10534048575926876,
      0.11645793692566332,
      0.1256685835154904,
      0.13475529025765196,
      0.14319791838873394,
      0.1483327191446078,
      0.15467988179535114,
      0.15961670781144013,
      0.16185042731981764,
      0.1635165317011025,
      0.1659533288416336
    ]
  }
}
