{
  "architecture": {
    "condition_size": 6,
    "context_hidden_size": 12,
    "context_layers": 2,
    "dense_hidden_size": 12,
    "discriminator_hidden_size": 12,
    "discriminator_layers": 2,
    "latent_size": 8,
    "noise_hidden_size": 12,
    "noise_layers": 1,
    "target_mask_input": "enabled_leem_adaptation",
    "target_size": 21
  },
  "common_evaluation": {
    "approximation_metadata": {
      "dependence_frame_count": 238,
      "dependence_sample_count": 4,
      "energy_frame_count": 100,
      "energy_sample_count": 8,
      "first_difference_generated_value_count": 10000,
      "first_difference_observed_value_count": 4756,
      "interval_finite_sample_reference": "uniform_order_statistic_expectation",
      "interval_quantile_method": "linear",
      "jensen_shannon_logarithm_base": "2",
      "marginal_generated_value_count": 10000,
      "marginal_observed_value_count": 4846,
      "metric_seed": 20260714
    },
    "dependence_diagnostics": {
      "generated_residual_lag_one_correlation_by_station": [
        0.5921437277739131,
        0.5710530525391406,
        0.40572974247344745,
        0.5272185707037799,
        0.42390585838747863,
        0.4684350421578514,
        0.5204306353456413,
        0.5279429079877258,
        0.4363294132635174,
        0.4294654090457048,
        0.48062247083479,
        0.4031280101907974,
        0.5794344036782104,
        0.518556260177327,
        0.4959900606191362,
        0.4923330152143214,
        0.4521014898395108,
        0.40293456956815493,
        0.5721173786782079,
        0.4692743572550375,
        0.5564409369456005
      ],
      "generated_residual_spatial_correlation": [
        [
          1.0,
          0.8909051416034864,
          0.15254812511134896,
          -0.5699471702138772,
          0.16006720057181517,
          -0.4494241517664829,
          0.775100568646747,
          -0.6038163172607793,
          0.1033222736023995,
          0.4312309473545257,
          0.45224023635099325,
          0.15474067301310143,
          -0.8182181875891433,
          0.7831568020333527,
          -0.34668733803312507,
          -0.031108717366457126,
          -0.35787782986206473,
          -0.07119959622910486,
          0.8070188095210088,
          0.2551441075228645,
          0.6772118697475857
        ],
        [
          0.8909051416034864,
          1.0,
          0.10434534438024208,
          -0.7374033194643351,
          0.26902677158554983,
          -0.2953702506825816,
          0.7349314014555489,
          -0.3240684844128822,
          0.26477714082731857,
          0.29583860371112125,
          0.4805868862371716,
          -0.17279449343700973,
          -0.8408528805777269,
          0.7913245548000677,
          -0.361857152639667,
          0.17114928894702008,
          -0.2620586795088106,
          0.20372523036728854,
          0.7662656365972749,
          0.31558759423007415,
          0.5699594876290704
        ],
        [
          0.15254812511134896,
          0.10434534438024208,
          1.0,
          0.0029884522722693255,
          -0.1910923762023111,
          -0.30087993158704174,
          0.2061900644806275,
          -0.2455132370989336,
          -0.7129118489931756,
          0.5449665293869805,
          -0.2193141674744553,
          0.5844408200048139,
          0.27781881149494725,
          0.3968985243324644,
          0.2663701816872243,
          -0.13850469586832692,
          -0.8115756404485845,
          -0.42618657559493534,
          0.19982705731764855,
          0.7432585959124716,
          0.26835430978384445
        ],
        [
          -0.5699471702138772,
          -0.7374033194643351,
          0.0029884522722693255,
          1.0,
          -0.5436180465935676,
          0.04770704428365642,
          -0.5468439369423611,
          0.015567410267972561,
          -0.15046267926542306,
          -0.35396772009071353,
          -0.22723725701381003,
          0.42537288885368574,
          0.6659629419172372,
          -0.45292161655446456,
          -0.017266723459455183,
          -0.6127678731309387,
          0.34141459891375975,
          -0.2685784085176004,
          -0.40853836229786017,
          -0.14090812191449614,
          -0.24132159949306306
        ],
        [
          0.16006720057181517,
          0.26902677158554983,
          -0.1910923762023111,
          -0.5436180465935676,
          1.0,
          0.23408050726001114,
          0.05428363513884682,
          -0.18499783487572927,
          0.33585642149583766,
          0.10649383104994105,
          0.013314992723949906,
          -0.5426869349585092,
          -0.48849155279143025,
          0.03278198768505901,
          -0.18403309423748473,
          0.49723090070675036,
          -0.08873021469544147,
          0.35452927937189777,
          -0.13531627867963236,
          -0.39169470749960694,
          -0.01586268234682174
        ],
        [
          -0.4494241517664829,
          -0.2953702506825816,
          -0.30087993158704174,
          0.04770704428365642,
          0.23408050726001114,
          1.0,
          -0.6762297444465128,
          0.20760170577322368,
          0.5152737986705577,
          -0.5575764127090455,
          -0.10931941661554946,
          -0.3522573632963658,
          0.16636064326776673,
          -0.619166607333468,
          -0.18901853774935212,
          -0.1506047027243558,
          0.42933058070888547,
          0.6446973889175371,
          -0.5694627477947315,
          -0.23645429433633014,
          -0.24959147571388005
        ],
        [
          0.775100568646747,
          0.7349314014555489,
          0.2061900644806275,
          -0.5468439369423611,
          0.05428363513884682,
          -0.6762297444465128,
          1.0,
          -0.23510257115538521,
          -0.24767735205162902,
          0.5799538186757389,
          0.293468307895184,
          0.023751352422899545,
          -0.615526787782431,
          0.7335219101331152,
          0.020364825121896902,
          0.29151539426160356,
          -0.4568654142529746,
          -0.27106402285845743,
          0.65519452260438,
          0.3695434366578543,
          0.30780295950594966
        ],
        [
          -0.6038163172607793,
          -0.3240684844128822,
          -0.2455132370989336,
          0.015567410267972561,
          -0.18499783487572927,
          0.20760170577322368,
          -0.23510257115538521,
          1.0,
          -0.09105789892503972,
          -0.1149698453634263,
          -0.10464656343799841,
          -0.4233192932548649,
          0.463370282759209,
          -0.3821761415180333,
          0.5606914342234581,
          0.4983775923143608,
          0.2883099727922407,
          0.09422800590410858,
          -0.49059087193408435,
          0.05153093881857253,
          -0.6295142532417644
        ],
        [
          0.1033222736023995,
          0.26477714082731857,
          -0.7129118489931756,
          -0.15046267926542306,
          0.33585642149583766,
          0.5152737986705577,
          -0.24767735205162902,
          -0.09105789892503972,
          1.0,
          -0.6939088438289502,
          0.371484924695364,
          -0.5872459845781223,
          -0.5182395145035988,
          -0.08646317953697792,
          -0.6734613176442082,
          -0.10771542687438301,
          0.6841282312891586,
          0.7421208502870105,
          0.049549294231862745,
          -0.4966811834581616,
          0.11092426848059368
        ],
        [
          0.4312309473545257,
          0.29583860371112125,
          0.5449665293869805,
          -0.35396772009071353,
          0.10649383104994105,
          -0.5575764127090455,
          0.5799538186757389,
          -0.1149698453634263,
          -0.6939088438289502,
          1.0,
          0.1394517489526471,
          0.3680620135232343,
          -0.11095070335044666,
          0.3519539405075125,
          0.5007498853800172,
          0.37022828456507867,
          -0.7804920781792615,
          -0.4717156783655309,
          0.27748308242161585,
          0.5332497245394916,
          0.2972177007088275
        ],
        [
          0.45224023635099325,
          0.4805868862371716,
          -0.2193141674744553,
          -0.22723725701381003,
          0.013314992723949906,
          -0.10931941661554946,
          0.293468307895184,
          -0.10464656343799841,
          0.371484924695364,
          0.1394517489526471,
          1.0,
          -0.16231522481358995,
          -0.5804531041351103,
          0.3467770406169718,
          -0.12039195071724822,
          0.16997698438991127,
          0.07282406851175162,
          0.25188421512153114,
          0.3302589557707106,
          0.2600861198385686,
          0.2660392211322973
        ],
        [
          0.15474067301310143,
          -0.17279449343700973,
          0.5844408200048139,
          0.42537288885368574,
          -0.5426869349585092,
          -0.3522573632963658,
          0.023751352422899545,
          -0.4233192932548649,
          -0.5872459845781223,
          0.3680620135232343,
          -0.16231522481358995,
          1.0,
          0.3743106189326605,
          0.09334134350855715,
          0.1115531325156279,
          -0.5943304357668108,
          -0.40228261025002526,
          -0.6586851416789853,
          0.2444449270978498,
          0.30989048180688694,
          0.4008771351218068
        ],
        [
          -0.8182181875891433,
          -0.8408528805777269,
          0.27781881149494725,
          0.6659629419172372,
          -0.48849155279143025,
          0.16636064326776673,
          -0.615526787782431,
          0.463370282759209,
          -0.5182395145035988,
          -0.11095070335044666,
          -0.5804531041351103,
          0.3743106189326605,
          1.0,
          -0.583289298910371,
          0.5029803918640368,
          -0.20173857282534083,
          0.012617475315467197,
          -0.343329570920294,
          -0.5912005787405309,
          0.07070011274583428,
          -0.4206705321586877
        ],
        [
          0.7831568020333527,
          0.7913245548000677,
          0.3968985243324644,
          -0.45292161655446456,
          0.03278198768505901,
          -0.619166607333468,
          0.7335219101331152,
          -0.3821761415180333,
          -0.08646317953697792,
          0.3519539405075125,
          0.3467770406169718,
          0.09334134350855715,
          -0.583289298910371,
          1.0,
          -0.14212232752584017,
          0.12616109144345958,
          -0.45910578501880245,
          -0.2756080141669583,
          0.6787046723631052,
          0.4429352588796837,
          0.35396537536439654
        ],
        [
          -0.34668733803312507,
          -0.361857152639667,
          0.2663701816872243,
          -0.017266723459455183,
          -0.18403309423748473,
          -0.18901853774935212,
          0.020364825121896902,
          0.5606914342234581,
          -0.6734613176442082,
          0.5007498853800172,
          -0.12039195071724822,
          0.1115531325156279,
          0.5029803918640368,
          -0.14212232752584017,
          1.0,
          0.5618065495535188,
          -0.4706799270734542,
          -0.5236154806032393,
          -0.4526976977067813,
          0.3177603229365752,
          -0.4956812471019925
        ],
        [
          -0.031108717366457126,
          0.17114928894702008,
          -0.13850469586832692,
          -0.6127678731309387,
          0.49723090070675036,
          -0.1506047027243558,
          0.29151539426160356,
          0.4983775923143608,
          -0.10771542687438301,
          0.37022828456507867,
          0.16997698438991127,
          -0.5943304357668108,
          -0.20173857282534083,
          0.12616109144345958,
          0.5618065495535188,
          1.0,
          -0.2450408912580957,
          0.012655795077430466,
          -0.19212012571978632,
          0.004120594159143843,
          -0.4318103922282083
        ],
        [
          -0.35787782986206473,
          -0.2620586795088106,
          -0.8115756404485845,
          0.34141459891375975,
          -0.08873021469544147,
          0.42933058070888547,
          -0.4568654142529746,
          0.2883099727922407,
          0.6841282312891586,
          -0.7804920781792615,
          0.07282406851175162,
          -0.40228261025002526,
          0.012617475315467197,
          -0.45910578501880245,
          -0.4706799270734542,
          -0.2450408912580957,
          1.0,
          0.4691229984473072,
          -0.22978410705920338,
          -0.6083016869286728,
          -0.29536262231275706
        ],
        [
          -0.07119959622910486,
          0.20372523036728854,
          -0.42618657559493534,
          -0.2685784085176004,
          0.35452927937189777,
          0.6446973889175371,
          -0.27106402285845743,
          0.09422800590410858,
          0.7421208502870105,
          -0.4717156783655309,
          0.25188421512153114,
          -0.6586851416789853,
          -0.343329570920294,
          -0.2756080141669583,
          -0.5236154806032393,
          0.012655795077430466,
          0.4691229984473072,
          1.0,
          0.006536725692816586,
          -0.14527764551702205,
          0.15118524027730396
        ],
        [
          0.8070188095210088,
          0.7662656365972749,
          0.19982705731764855,
          -0.40853836229786017,
          -0.13531627867963236,
          -0.5694627477947315,
          0.65519452260438,
          -0.49059087193408435,
          0.049549294231862745,
          0.27748308242161585,
          0.3302589557707106,
          0.2444449270978498,
          -0.5912005787405309,
          0.6787046723631052,
          -0.4526976977067813,
          -0.19212012571978632,
          -0.22978410705920338,
          0.006536725692816586,
          1.0,
          0.2839368711345655,
          0.8014997521953251
        ],
        [
          0.2551441075228645,
          0.31558759423007415,
          0.7432585959124716,
          -0.14090812191449614,
          -0.39169470749960694,
          -0.23645429433633014,
          0.3695434366578543,
          0.05153093881857253,
          -0.4966811834581616,
          0.5332497245394916,
          0.2600861198385686,
          0.30989048180688694,
          0.07070011274583428,
          0.4429352588796837,
          0.3177603229365752,
          0.004120594159143843,
          -0.6083016869286728,
          -0.14527764551702205,
          0.2839368711345655,
          1.0,
          0.24925390053353227
        ],
        [
          0.6772118697475857,
          0.5699594876290704,
          0.26835430978384445,
          -0.24132159949306306,
          -0.01586268234682174,
          -0.24959147571388005,
          0.30780295950594966,
          -0.6295142532417644,
          0.11092426848059368,
          0.2972177007088275,
          0.2660392211322973,
          0.4008771351218068,
          -0.4206705321586877,
          0.35396537536439654,
          -0.4956812471019925,
          -0.4318103922282083,
          -0.29536262231275706,
          0.15118524027730396,
          0.8014997521953251,
          0.24925390053353227,
          1.0
        ]
      ],
      "observed_residual_lag_one_correlation_by_station": [
        -0.061075150812586736,
        0.004306922438818859,
        0.0017672174298603424,
        -0.0698177261883152,
        -0.09445589427473089,
        -0.059624015284943294,
        -0.01266339091523842,
        -0.09736095770219366,
        -0.020434488102947693,
        0.0183508045887445,
        0.040764560708550016,
        0.09235371980096893,
        0.13908228175625495,
        0.23849241330975388,
        0.11347824869875923,
        0.11335897380628053,
        0.0016687329007845162,
        0.0333426750530201,
        0.12317039633096377,
        0.0023673417929716235,
        0.14363450070844888
      ],
      "observed_residual_spatial_correlation": [
        [
          1.0,
          0.8101710557515949,
          0.6633519041443671,
          0.54434917266176,
          0.4423593011182922,
          0.32739905110523926,
          0.2656792718629181,
          0.1544175396875796,
          0.19247884902903548,
          0.17488370736690223,
          0.14894641417089702,
          0.10780737215125107,
          0.03121627512200697,
          0.062488856926604344,
          0.06617664423961997,
          0.08931748462641621,
          0.03162418692792496,
          0.05816201936357495,
          0.11922534652184406,
          0.023295929468780698,
          0.15278704987309422
        ],
        [
          0.8101710557515949,
          1.0,
          0.7864178846168647,
          0.6461673770596584,
          0.5205734841023685,
          0.40390805518746487,
          0.3390204613439976,
          0.26574626492188086,
          0.3228489619180688,
          0.22221688181684363,
          0.2560441653183325,
          0.14472891841809835,
          0.07283072147369887,
          0.12489604305496091,
          0.10444400935979914,
          0.14871814547498538,
          0.09773900454283856,
          0.12718668451795578,
          0.13253251236895103,
          0.04150480830582962,
          0.1755221718900539
        ],
        [
          0.6633519041443671,
          0.7864178846168647,
          1.0,
          0.8086465223066112,
          0.6881481758227034,
          0.49875816549812063,
          0.4641807451436272,
          0.3531420868480231,
          0.3486943538897809,
          0.3287233509794926,
          0.28023798844276226,
          0.27654238608610215,
          0.1885194045081671,
          0.2128146885367134,
          0.14530062205925354,
          0.25429442513293876,
          0.19188536055881855,
          0.17784492447365055,
          0.21666650388309605,
          0.11567276170996933,
          0.2795084377711926
        ],
        [
          0.54434917266176,
          0.6461673770596584,
          0.8086465223066112,
          1.0,
          0.7940385125926869,
          0.6412279370172702,
          0.6028920615909374,
          0.4541806461720876,
          0.3960960290717125,
          0.3621973104932813,
          0.31358691304295677,
          0.24979761233075493,
          0.21951482014068,
          0.26106422153840525,
          0.24258590595587307,
          0.26918266119313716,
          0.2427623782407596,
          0.23881772461093795,
          0.24157228859466714,
          0.2108681811673106,
          0.31856506449999483
        ],
        [
          0.4423593011182922,
          0.5205734841023685,
          0.6881481758227034,
          0.7940385125926869,
          1.0,
          0.7472299988131044,
          0.6967425345447188,
          0.5481874378193002,
          0.43913946865120806,
          0.44950335950729986,
          0.37180765641525754,
          0.30891192153565517,
          0.2115696447655482,
          0.2897230084483704,
          0.217606469293734,
          0.2784695471154312,
          0.164978394863363,
          0.2002918207984145,
          0.2240258480243078,
          0.19683789810000304,
          0.2859745123488001
        ],
        [
          0.32739905110523926,
          0.40390805518746487,
          0.49875816549812063,
          0.6412279370172702,
          0.7472299988131044,
          1.0,
          0.7745925483823862,
          0.7120290900002922,
          0.5844548315145367,
          0.3896671808706908,
          0.3623249268449603,
          0.26887457607715626,
          0.18133656759770103,
          0.1275331582016124,
          0.10837755550484805,
          0.10900451800875233,
          0.12294058352843071,
          0.19007631672465852,
          0.1356792245246454,
          0.18020582654855602,
          0.14606229557526595
        ],
        [
          0.2656792718629181,
          0.3390204613439976,
          0.4641807451436272,
          0.6028920615909374,
          0.6967425345447188,
          0.7745925483823862,
          1.0,
          0.8277711536585991,
          0.6795808582938966,
          0.5918668926801769,
          0.5160033447024074,
          0.39392662765450315,
          0.24702951903377596,
          0.2941402306190519,
          0.2529751951581399,
          0.2631439896798644,
          0.143627759039948,
          0.17610914409166503,
          0.25264939305737244,
          0.17987531768103623,
          0.21906717339240564
        ],
        [
          0.1544175396875796,
          0.26574626492188086,
          0.3531420868480231,
          0.4541806461720876,
          0.5481874378193002,
          0.7120290900002922,
          0.8277711536585991,
          1.0,
          0.8493853426389809,
          0.667454772560724,
          0.579825416258906,
          0.44402839373053815,
          0.3171630201426384,
          0.2758877288509576,
          0.2414377531718714,
          0.23439550895473082,
          0.14770700268541,
          0.18015963608011987,
          0.19817595872094368,
          0.15318626931634213,
          0.11683592520845847
        ],
        [
          0.19247884902903548,
          0.3228489619180688,
          0.3486943538897809,
          0.3960960290717125,
          0.43913946865120806,
          0.5844548315145367,
          0.6795808582938966,
          0.8493853426389809,
          1.0,
          0.7419057319586174,
          0.6969543454469861,
          0.5069908092391192,
          0.30741220068358405,
          0.2926203544643212,
          0.2620918848543563,
          0.1850169236914341,
          0.14115641537205453,
          0.18071700386507772,
          0.1899055297804225,
          0.09093876491902105,
          0.05911193977531654
        ],
        [
          0.17488370736690223,
          0.22221688181684363,
          0.3287233509794926,
          0.3621973104932813,
          0.44950335950729986,
          0.3896671808706908,
          0.5918668926801769,
          0.667454772560724,
          0.7419057319586174,
          1.0,
          0.83708609936467,
          0.6985625581746001,
          0.4459180739063024,
          0.5065436305183871,
          0.4401008742171041,
          0.38952811106447754,
          0.25413026519479376,
          0.23520627299561284,
          0.3166993288620769,
          0.1918390151114986,
          0.2050365479442454
        ],
        [
          0.14894641417089702,
          0.2560441653183325,
          0.28023798844276226,
          0.31358691304295677,
          0.37180765641525754,
          0.3623249268449603,
          0.5160033447024074,
          0.579825416258906,
          0.6969543454469861,
          0.83708609936467,
          1.0,
          0.7937575967030156,
          0.5399584261208913,
          0.5268781071371642,
          0.4679594765573131,
          0.38029854738834123,
          0.3022921072138666,
          0.2787091703097443,
          0.3242775784109849,
          0.20072354210034357,
          0.20301914576521507
        ],
        [
          0.10780737215125107,
          0.14472891841809835,
          0.27654238608610215,
          0.24979761233075493,
          0.30891192153565517,
          0.26887457607715626,
          0.39392662765450315,
          0.44402839373053815,
          0.5069908092391192,
          0.6985625581746001,
          0.7937575967030156,
          1.0,
          0.7458663870947962,
          0.67884909888572,
          0.5646902360794056,
          0.4686943116970453,
          0.39186288732880575,
          0.30894968533590117,
          0.3731143335115952,
          0.22421520668055328,
          0.2459119695538895
        ],
        [
          0.03121627512200697,
          0.07283072147369887,
          0.1885194045081671,
          0.21951482014068,
          0.2115696447655482,
          0.18133656759770103,
          0.24702951903377596,
          0.3171630201426384,
          0.30741220068358405,
          0.4459180739063024,
          0.5399584261208913,
          0.7458663870947962,
          1.0,
          0.7815555855714876,
          0.6758560604621968,
          0.5681649295284241,
          0.4796036390323513,
          0.38116313081550185,
          0.34305415314724486,
          0.21790058906207552,
          0.184722831961889
        ],
        [
          0.062488856926604344,
          0.12489604305496091,
          0.2128146885367134,
          0.26106422153840525,
          0.2897230084483704,
          0.1275331582016124,
          0.2941402306190519,
          0.2758877288509576,
          0.2926203544643212,
          0.5065436305183871,
          0.5268781071371642,
          0.67884909888572,
          0.7815555855714876,
          1.0,
          0.8090254661203768,
          0.6818200552381876,
          0.5249702264078607,
          0.4120348760305198,
          0.4558391664204895,
          0.28243229900078587,
          0.29094909650556167
        ],
        [
          0.06617664423961997,
          0.10444400935979914,
          0.14530062205925354,
          0.24258590595587307,
          0.217606469293734,
          0.10837755550484805,
          0.2529751951581399,
          0.2414377531718714,
          0.2620918848543563,
          0.4401008742171041,
          0.4679594765573131,
          0.5646902360794056,
          0.6758560604621968,
          0.8090254661203768,
          1.0,
          0.8088415820878908,
          0.6812124918206367,
          0.5407190555156516,
          0.490700186484364,
          0.3393020496145824,
          0.32459215463221425
        ],
        [
          0.08931748462641621,
          0.14871814547498538,
          0.25429442513293876,
          0.26918266119313716,
          0.2784695471154312,
          0.10900451800875233,
          0.2631439896798644,
          0.23439550895473082,
          0.1850169236914341,
          0.38952811106447754,
          0.38029854738834123,
          0.4686943116970453,
          0.5681649295284241,
          0.6818200552381876,
          0.8088415820878908,
          1.0,
          0.8053707795217079,
          0.6528895080640243,
          0.5805334979487361,
          0.4313352692805272,
          0.43975437830677205
        ],
        [
          0.03162418692792496,
          0.09773900454283856,
          0.19188536055881855,
          0.2427623782407596,
          0.164978394863363,
          0.12294058352843071,
          0.143627759039948,
          0.14770700268541,
          0.14115641537205453,
          0.25413026519479376,
          0.3022921072138666,
          0.39186288732880575,
          0.4796036390323513,
          0.5249702264078607,
          0.6812124918206367,
          0.8053707795217079,
          1.0,
          0.8132524874517381,
          0.6450925506300748,
          0.5823398643799592,
          0.49488217671234885
        ],
        [
          0.05816201936357495,
          0.12718668451795578,
          0.17784492447365055,
          0.23881772461093795,
          0.2002918207984145,
          0.19007631672465852,
          0.17610914409166503,
          0.18015963608011987,
          0.18071700386507772,
          0.23520627299561284,
          0.2787091703097443,
          0.30894968533590117,
          0.38116313081550185,
          0.4120348760305198,
          0.5407190555156516,
          0.6528895080640243,
          0.8132524874517381,
          1.0,
          0.7597279322527347,
          0.6777407628466936,
          0.5430496301717743
        ],
        [
          0.11922534652184406,
          0.13253251236895103,
          0.21666650388309605,
          0.24157228859466714,
          0.2240258480243078,
          0.1356792245246454,
          0.25264939305737244,
          0.19817595872094368,
          0.1899055297804225,
          0.3166993288620769,
          0.3242775784109849,
          0.3731143335115952,
          0.34305415314724486,
          0.4558391664204895,
          0.490700186484364,
          0.5805334979487361,
          0.6450925506300748,
          0.7597279322527347,
          1.0,
          0.825285986656168,
          0.7083156373955956
        ],
        [
          0.023295929468780698,
          0.04150480830582962,
          0.11567276170996933,
          0.2108681811673106,
          0.19683789810000304,
          0.18020582654855602,
          0.17987531768103623,
          0.15318626931634213,
          0.09093876491902105,
          0.1918390151114986,
          0.20072354210034357,
          0.22421520668055328,
          0.21790058906207552,
          0.28243229900078587,
          0.3393020496145824,
          0.4313352692805272,
          0.5823398643799592,
          0.6777407628466936,
          0.825285986656168,
          1.0,
          0.7940992770607028
        ],
        [
          0.15278704987309422,
          0.1755221718900539,
          0.2795084377711926,
          0.31856506449999483,
          0.2859745123488001,
          0.14606229557526595,
          0.21906717339240564,
          0.11683592520845847,
          0.05911193977531654,
          0.2050365479442454,
          0.20301914576521507,
          0.2459119695538895,
          0.184722831961889,
          0.29094909650556167,
          0.32459215463221425,
          0.43975437830677205,
          0.49488217671234885,
          0.5430496301717743,
          0.7083156373955956,
          0.7940992770607028,
          1.0
        ]
      ]
    },
    "global_metrics": {
      "abs_exceedance_error_q95": 0.04085843995047462,
      "abs_exceedance_error_q99": 0.007635163021048288,
      "abs_quantile_error_q95_m": 0.06776725240051756,
      "abs_quantile_error_q99_m": 0.10803727939724928,
      "crps_m": 0.04334525418992634,
      "dimension_normalized_energy_score_m": 0.05559278231400801,
      "energy_score_m": 0.2508162605087575,
      "error_jensen_shannon_distance": 0.48840628087144217,
      "first_difference_jensen_shannon_distance": 0.7392669195280267,
      "generated_abs_exceedance_q95": 0.0,
      "generated_abs_exceedance_q99": 0.0,
      "generated_abs_q95_m": 0.06546606384217729,
      "generated_abs_q99_m": 0.0934144289791585,
      "observed_abs_exceedance_q95": 0.04085843995047462,
      "observed_abs_exceedance_q99": 0.007635163021048288,
      "observed_abs_q95_m": 0.13323331624269485,
      "observed_abs_q99_m": 0.20145170837640777,
      "predictive_mean_mae_m": 0.044143879868562025,
      "predictive_mean_rmse_m": 0.06394074122037606,
      "residual_lag_one_correlation_mae": 0.46070857841124147,
      "residual_spatial_correlation_rmse": 0.604372488769423
    },
    "interval_metrics": {
      "0.50": {
        "finite_ensemble": {
          "central_rank_lower_1_based": 2,
          "central_rank_meets_nominal_coverage": true,
          "central_rank_reference_coverage": 0.5555555555555556,
          "central_rank_upper_1_based": 7,
          "empirical_minus_linear_uniform_reference": -0.37630118769202553,
          "ensemble_sample_count": 8,
          "interpretation": "finite-ensemble diagnostic only; final calibration conclusions require a larger predictive ensemble or a separately specified rank-based interval",
          "linear_uniform_reference_coverage": 0.3888888888888889,
          "quantile_method": "linear"
        },
        "global_empirical_coverage": 0.012587701196863392,
        "global_mean_width_m": 0.001872198169027504,
        "nominal_coverage": 0.5,
        "station_empirical_coverage": [
          0.004201680672268907,
          0.012605042016806723,
          0.012605042016806723,
          0.029411764705882353,
          0.012605042016806723,
          0.01680672268907563,
          0.008403361344537815,
          0.008403361344537815,
          0.01680672268907563,
          0.02100840336134454,
          0.0,
          0.008403361344537815,
          0.04201680672268908,
          0.025210084033613446,
          0.012605042016806723,
          0.0,
          0.008403361344537815,
          0.008849557522123894,
          0.004651162790697674,
          0.0053475935828877,
          0.0
        ],
        "station_mean_width_m": [
          0.0004281018459054195,
          0.0005009842030371406,
          0.0004674069634286546,
          0.0005279184434515965,
          0.0004580217389636399,
          0.0008097770164071136,
          0.0009452313054626918,
          0.0008073117933236063,
          0.0021390598047203815,
          0.0015344785637918766,
          0.001120056355853385,
          0.001744641809912101,
          0.0036320571637000233,
          0.002239299817754253,
          0.003355854920682912,
          0.0024842824757553075,
          0.0025648774614385446,
          0.002583589644863608,
          0.004126202306428621,
          0.003934494635578305,
          0.00427423833685299
        ]
      },
      "0.90": {
        "finite_ensemble": {
          "central_rank_lower_1_based": 1,
          "central_rank_meets_nominal_coverage": false,
          "central_rank_reference_coverage": 0.7777777777777778,
          "central_rank_upper_1_based": 8,
          "empirical_minus_linear_uniform_reference": -0.6717292612463888,
          "ensemble_sample_count": 8,
          "interpretation": "finite-ensemble diagnostic only; final calibration conclusions require a larger predictive ensemble or a separately specified rank-based interval",
          "linear_uniform_reference_coverage": 0.7,
          "quantile_method": "linear"
        },
        "global_empirical_coverage": 0.028270738753611226,
        "global_mean_width_m": 0.004047493150592473,
        "nominal_coverage": 0.9,
        "station_empirical_coverage": [
          0.02100840336134454,
          0.03361344537815126,
          0.03361344537815126,
          0.046218487394957986,
          0.025210084033613446,
          0.029411764705882353,
          0.01680672268907563,
          0.01680672268907563,
          0.046218487394957986,
          0.05042016806722689,
          0.0,
          0.01680672268907563,
          0.07142857142857142,
          0.029411764705882353,
          0.029411764705882353,
          0.02100840336134454,
          0.025210084033613446,
          0.01327433628318584,
          0.018604651162790697,
          0.016042780748663103,
          0.029069767441860465
        ],
        "station_mean_width_m": [
          0.0009085298432152182,
          0.0010885256187165618,
          0.0010090577718410484,
          0.001173017918134202,
          0.0009903918078634888,
          0.00176090786337242,
          0.0019857472645220574,
          0.0018359217374045557,
          0.004629353813909213,
          0.0032365506428818245,
          0.0025062851733997655,
          0.003814649734423033,
          0.008049516687404458,
          0.0047399524290177245,
          0.007468429095690929,
          0.005538781127156767,
          0.0054679320086216355,
          0.005531265111269215,
          0.008890095556717971,
          0.008193826102178522,
          0.008976888598137816
        ]
      },
      "0.95": {
        "finite_ensemble": {
          "central_rank_lower_1_based": 1,
          "central_rank_meets_nominal_coverage": false,
          "central_rank_reference_coverage": 0.7777777777777778,
          "central_rank_upper_1_based": 8,
          "empirical_minus_linear_uniform_reference": -0.7081418810473702,
          "ensemble_sample_count": 8,
          "interpretation": "finite-ensemble diagnostic only; final calibration conclusions require a larger predictive ensemble or a separately specified rank-based interval",
          "linear_uniform_reference_coverage": 0.7388888888888889,
          "quantile_method": "linear"
        },
        "global_empirical_coverage": 0.030747007841518778,
        "global_mean_width_m": 0.00437461458802126,
        "nominal_coverage": 0.95,
        "station_empirical_coverage": [
          0.02100840336134454,
          0.037815126050420166,
          0.03361344537815126,
          0.0546218487394958,
          0.025210084033613446,
          0.029411764705882353,
          0.02100840336134454,
          0.01680672268907563,
          0.05042016806722689,
          0.05042016806722689,
          0.004201680672268907,
          0.025210084033613446,
          0.07563025210084033,
          0.029411764705882353,
          0.029411764705882353,
          0.02100840336134454,
          0.025210084033613446,
          0.017699115044247787,
          0.023255813953488372,
          0.016042780748663103,
          0.03488372093023256
        ],
        "station_mean_width_m": [
          0.0009803253003392912,
          0.0011751915234840032,
          0.0010928598695782896,
          0.0012708281453732134,
          0.0010704370778779884,
          0.0019095905859340297,
          0.0021404273326199566,
          0.001988011912810577,
          0.005015268147690222,
          0.0034902707614912452,
          0.002718070515738643,
          0.004126747212902949,
          0.00870261847065026,
          0.005115135535089095,
          0.00807494779671112,
          0.005994892106176268,
          0.0058972158505456096,
          0.005978734238357573,
          0.009634298560491137,
          0.008825141686776823,
          0.009679983669978588
        ]
      }
    },
    "model_name": "recurrent_conditional_gan",
    "observed_value_count": 4846,
    "s_grid_m": [
      0.0,
      5.0,
      10.0,
      15.0,
      20.0,
      25.0,
      30.0,
      35.0,
      40.0,
      45.0,
      50.0,
      55.0,
      60.0,
      65.0,
      70.0,
      75.0,
      80.0,
      85.0,
      90.0,
      95.0,
      100.0
    ],
    "sample_count": 8,
    "scenario": "conditional_gaussian",
    "schema_version": "1.1.0",
    "sequence_count": 4,
    "station_metrics": {
      "crps_m": [
        0.010185067979228588,
        0.01065777776279099,
        0.013296950447847618,
        0.015495282374929559,
        0.019003113011540566,
        0.023282959433035707,
        0.026728237170687907,
        0.02965851641945984,
        0.034454239893031105,
        0.039399029469379704,
        0.04333481916210305,
        0.04544869523575288,
        0.04558131137909025,
        0.05355558281651213,
        0.05704727408462967,
        0.06793350874670236,
        0.06738173917622918,
        0.07015043605754896,
        0.08176308557929926,
        0.08519008969200183,
        0.10061509417116826
      ],
      "observation_count": [
        238,
        238,
        238,
        238,
        238,
        238,
        238,
        238,
        238,
        238,
        238,
        238,
        238,
        238,
        238,
        238,
        238,
        226,
        215,
        187,
        172
      ],
      "predictive_mean_mae_m": [
        0.010367538594880347,
        0.010873178414118122,
        0.01349712950223959,
        0.015721403238372858,
        0.01919923095826615,
        0.023627892177367302,
        0.027122046442648852,
        0.03001707255695516,
        0.03535865456846097,
        0.04002832282939755,
        0.043836138693727315,
        0.04620565588626631,
        0.04710451865984771,
        0.05448616450072421,
        0.05852002819448303,
        0.06903629928589197,
        0.06846269562144905,
        0.07125073357148351,
        0.08354501114605904,
        0.08683205294524902,
        0.10240918528464579
      ],
      "predictive_mean_rmse_m": [
        0.012462725490660768,
        0.013725651002520798,
        0.01682630101433968,
        0.019579214622840145,
        0.024404285086897383,
        0.02946906415155943,
        0.033210887272077445,
        0.03693418136171165,
        0.0434285098375288,
        0.04942957569475698,
        0.05407635795261978,
