{
  "approximation_metadata": {
    "dependence_frame_count": 20000,
    "dependence_sample_count": 16,
    "energy_frame_count": 2000,
    "energy_sample_count": 32,
    "first_difference_generated_value_count": 200000,
    "first_difference_observed_value_count": 200000,
    "interval_finite_sample_reference": "uniform_order_statistic_expectation",
    "interval_quantile_method": "linear",
    "jensen_shannon_logarithm_base": "2",
    "marginal_generated_value_count": 200000,
    "marginal_observed_value_count": 200000,
    "metric_seed": 20260714
  },
  "dependence_diagnostics": {
    "generated_residual_lag_one_correlation_by_station": [
      0.7964910876095914,
      0.7984075258855828,
      0.8008172155182336,
      0.8021821058537192,
      0.8035772725367759,
      0.8033203904057724,
      0.8016556519057827,
      0.7965937320473568,
      0.796995218169893,
      0.796083814264837,
      0.7955471801048377,
      0.7937899330309898,
      0.7926498619332212,
      0.7973557013863127,
      0.7996096736166565,
      0.8005006966716206,
      0.8018464520861812,
      0.7998534055364155,
      0.7965871697001407,
      0.7939444198121962,
      0.7974867667704789
    ],
    "generated_residual_spatial_correlation": [
      [
        1.0,
        0.664748243079054,
        0.49115750609692416,
        0.3581850723434488,
        0.26954132509829565,
        0.19530943410440912,
        0.1501310973008615,
        0.11358902172978792,
        0.08401152096145029,
        0.06289080085136005,
        0.061027089311467005,
        0.047891382165393015,
        0.035299440432390035,
        0.0322259392764697,
        0.018986850669299737,
        0.016563096453444354,
        0.01552772028612211,
        0.006471444047680906,
        0.006680455984158645,
        0.008732242187095342,
        -0.0016548829854194356
      ],
      [
        0.664748243079054,
        1.0,
        0.67898376088642,
        0.5133601984254187,
        0.38706716249855017,
        0.28750676328574526,
        0.21937448879404609,
        0.16471432992557397,
        0.12178278107499609,
        0.09088682265613733,
        0.07559312061313322,
        0.060569447360344274,
        0.0459321687985509,
        0.04268332433101896,
        0.028279525971292956,
        0.022721358723520244,
        0.022993725658264214,
        0.019747617765460693,
        0.018008199161873788,
        0.018382846292412422,
        0.00825714977329325
      ],
      [
        0.49115750609692416,
        0.67898376088642,
        1.0,
        0.6825869902268887,
        0.5188769119442822,
        0.39625529098341805,
        0.3010342272258827,
        0.2266959203673114,
        0.17249258323014627,
        0.1303585023496445,
        0.10196197395458503,
        0.07517263495474966,
        0.05446141313709911,
        0.04477127589639785,
        0.03301325096764558,
        0.023577186148639063,
        0.02456114957395455,
        0.017149332128999103,
        0.023964116569286886,
        0.01767579480503436,
        0.006012894779341026
      ],
      [
        0.3581850723434488,
        0.5133601984254187,
        0.6825869902268887,
        1.0,
        0.6846171398988474,
        0.517774044139027,
        0.39415005517437474,
        0.29882814914327593,
        0.23063914962708473,
        0.1748020526623976,
        0.13725606029206705,
        0.09744157874576605,
        0.07106340707303942,
        0.0573733700145946,
        0.04558908294792939,
        0.0320281811139918,
        0.028779143368219202,
        0.022923623330412063,
        0.024461961214158986,
        0.019553920463056793,
        0.009884253331546482
      ],
      [
        0.26954132509829565,
        0.38706716249855017,
        0.5188769119442822,
        0.6846171398988474,
        1.0,
        0.6838718685173221,
        0.516363564163129,
        0.3890263424308553,
        0.2955566456229901,
        0.22197148861995158,
        0.17183195033025056,
        0.1283731925870314,
        0.09759119829406565,
        0.06964702853125644,
        0.058612132278897784,
        0.04350547209150682,
        0.03737592380090135,
        0.030217139560714295,
        0.034437086964668684,
        0.03072413443600568,
        0.02236488451801076
      ],
      [
        0.19530943410440912,
        0.28750676328574526,
        0.39625529098341805,
        0.517774044139027,
        0.6838718685173221,
        1.0,
        0.6790841153235804,
        0.5104192471976717,
        0.38486981188859165,
        0.29026021645801114,
        0.22570107938844303,
        0.16744395046194738,
        0.12160795228398497,
        0.09115531534566457,
        0.06498121645765237,
        0.05183054664921406,
        0.046283296940680785,
        0.03711512900427975,
        0.04328860862920284,
        0.04155471154794689,
        0.039214978961309814
      ],
      [
        0.1501310973008615,
        0.21937448879404609,
        0.3010342272258827,
        0.39415005517437474,
        0.516363564163129,
        0.6790841153235804,
        1.0,
        0.6789312582594788,
        0.5108611482963312,
        0.38511994478897316,
        0.29282866784120587,
        0.2224127732968511,
        0.16052182813643878,
        0.12071047376949233,
        0.08773065138527489,
        0.06865585740699762,
        0.057638050885012115,
        0.043468004164223646,
        0.04422992635224576,
        0.040600657951011185,
        0.032298741492789225
      ],
      [
        0.11358902172978792,
        0.16471432992557397,
        0.2266959203673114,
        0.29882814914327593,
        0.3890263424308553,
        0.5104192471976717,
        0.6789312582594788,
        1.0,
        0.678153191624728,
        0.5126142416808417,
        0.383852904234931,
        0.28859190692932163,
        0.20137273205150977,
        0.14873288673155877,
        0.11554078999302733,
        0.08917195399341649,
        0.07577655542082373,
        0.06501261319478965,
        0.057053893038009326,
        0.05021772321220357,
        0.03792162834713104
      ],
      [
        0.08401152096145029,
        0.12178278107499609,
        0.17249258323014627,
        0.23063914962708473,
        0.2955566456229901,
        0.38486981188859165,
        0.5108611482963312,
        0.678153191624728,
        1.0,
        0.6791342664206821,
        0.513295813207569,
        0.38457110909665243,
        0.27733613844734606,
        0.20928245460532635,
        0.16072488486703018,
        0.12214249099393847,
        0.09689630059078587,
        0.07890055917942275,
        0.0653466791819248,
        0.05501247819470448,
        0.03982970231102711
      ],
      [
        0.06289080085136005,
        0.09088682265613733,
        0.1303585023496445,
        0.1748020526623976,
        0.22197148861995158,
        0.29026021645801114,
        0.38511994478897316,
        0.5126142416808417,
        0.6791342664206821,
        1.0,
        0.6767511234367954,
        0.5075223748764751,
        0.37196760568227505,
        0.2859584536723972,
        0.2187547640463748,
        0.16936042759123288,
        0.13514828855180366,
        0.10125274528359317,
        0.07767708741598653,
        0.061129192232430754,
        0.043032351108733116
      ],
      [
        0.061027089311467005,
        0.07559312061313322,
        0.10196197395458503,
        0.13725606029206705,
        0.17183195033025056,
        0.22570107938844303,
        0.29282866784120587,
        0.383852904234931,
        0.513295813207569,
        0.6767511234367954,
        1.0,
        0.6713237825940522,
        0.499114960176872,
        0.37229805360874796,
        0.2815610726754127,
        0.21379235997876656,
        0.16419461386955014,
        0.12167544682532605,
        0.0978362252022712,
        0.07665730626805835,
        0.058290009224575584
      ],
      [
        0.047891382165393015,
        0.060569447360344274,
        0.07517263495474966,
        0.09744157874576605,
        0.1283731925870314,
        0.16744395046194738,
        0.2224127732968511,
        0.28859190692932163,
        0.38457110909665243,
        0.5075223748764751,
        0.6713237825940522,
        1.0,
        0.6663811601726111,
        0.5014174835843974,
        0.38052011395779844,
        0.2867434793901608,
        0.22127180672177324,
        0.1664963460185201,
        0.12904980961647888,
        0.09972465363908355,
        0.07893882137025252
      ],
      [
        0.035299440432390035,
        0.0459321687985509,
        0.05446141313709911,
        0.07106340707303942,
        0.09759119829406565,
        0.12160795228398497,
        0.16052182813643878,
        0.20137273205150977,
        0.27733613844734606,
        0.37196760568227505,
        0.499114960176872,
        0.6663811601726111,
        1.0,
        0.6738018586584373,
        0.5030631474651391,
        0.3800059400534781,
        0.29699496550768634,
        0.22515869420110055,
        0.174171013685574,
        0.1393797070411116,
        0.10968845107585361
      ],
      [
        0.0322259392764697,
        0.04268332433101896,
        0.04477127589639785,
        0.0573733700145946,
        0.06964702853125644,
        0.09115531534566457,
        0.12071047376949233,
        0.14873288673155877,
        0.20928245460532635,
        0.2859584536723972,
        0.37229805360874796,
        0.5014174835843974,
        0.6738018586584373,
        1.0,
        0.6670293443746447,
        0.4953675440755474,
        0.384520580762645,
        0.2934280556437716,
        0.22683580573252096,
        0.1840581611778672,
        0.14683029791288935
      ],
      [
        0.018986850669299737,
        0.028279525971292956,
        0.03301325096764558,
        0.04558908294792939,
        0.058612132278897784,
        0.06498121645765237,
        0.08773065138527489,
        0.11554078999302733,
        0.16072488486703018,
        0.2187547640463748,
        0.2815610726754127,
        0.38052011395779844,
        0.5030631474651391,
        0.6670293443746447,
        1.0,
        0.6736330170638775,
        0.5124136547305281,
        0.3886656338575104,
        0.3028234190848478,
        0.2407517347650963,
        0.18294527583088205
      ],
      [
        0.016563096453444354,
        0.022721358723520244,
        0.023577186148639063,
        0.0320281811139918,
        0.04350547209150682,
        0.05183054664921406,
        0.06865585740699762,
        0.08917195399341649,
        0.12214249099393847,
        0.16936042759123288,
        0.21379235997876656,
        0.2867434793901608,
        0.3800059400534781,
        0.4953675440755474,
        0.6736330170638775,
        1.0,
        0.678013541337523,
        0.5114130830960382,
        0.39086137336537524,
        0.30849614879811216,
        0.23585030164491452
      ],
      [
        0.01552772028612211,
        0.022993725658264214,
        0.02456114957395455,
        0.028779143368219202,
        0.03737592380090135,
        0.046283296940680785,
        0.057638050885012115,
        0.07577655542082373,
        0.09689630059078587,
        0.13514828855180366,
        0.16419461386955014,
        0.22127180672177324,
        0.29699496550768634,
        0.384520580762645,
        0.5124136547305281,
        0.678013541337523,
        1.0,
        0.6688851325046936,
        0.5103624969415698,
        0.3912826982085405,
        0.3026837729423437
      ],
      [
        0.006471444047680906,
        0.019747617765460693,
        0.017149332128999103,
        0.022923623330412063,
        0.030217139560714295,
        0.03711512900427975,
        0.043468004164223646,
        0.06501261319478965,
        0.07890055917942275,
        0.10125274528359317,
        0.12167544682532605,
        0.1664963460185201,
        0.22515869420110055,
        0.2934280556437716,
        0.3886656338575104,
        0.5114130830960382,
        0.6688851325046936,
        1.0,
        0.6723126886028691,
        0.5114778614974024,
        0.3906350678108191
      ],
      [
        0.006680455984158645,
        0.018008199161873788,
        0.023964116569286886,
        0.024461961214158986,
        0.034437086964668684,
        0.04328860862920284,
        0.04422992635224576,
        0.057053893038009326,
        0.0653466791819248,
        0.07767708741598653,
        0.0978362252022712,
        0.12904980961647888,
        0.174171013685574,
        0.22683580573252096,
        0.3028234190848478,
        0.39086137336537524,
        0.5103624969415698,
        0.6723126886028691,
        1.0,
        0.6712703081833729,
        0.5100232057118904
      ],
      [
        0.008732242187095342,
        0.018382846292412422,
        0.01767579480503436,
        0.019553920463056793,
        0.03072413443600568,
        0.04155471154794689,
        0.040600657951011185,
        0.05021772321220357,
        0.05501247819470448,
        0.061129192232430754,
        0.07665730626805835,
        0.09972465363908355,
        0.1393797070411116,
        0.1840581611778672,
        0.2407517347650963,
        0.30849614879811216,
        0.3912826982085405,
        0.5114778614974024,
        0.6712703081833729,
        1.0,
        0.6652635910138202
      ],
      [
        -0.0016548829854194356,
        0.00825714977329325,
        0.006012894779341026,
        0.009884253331546482,
        0.02236488451801076,
        0.039214978961309814,
        0.032298741492789225,
        0.03792162834713104,
        0.03982970231102711,
        0.043032351108733116,
        0.058290009224575584,
        0.07893882137025252,
        0.10968845107585361,
        0.14683029791288935,
        0.18294527583088205,
        0.23585030164491452,
        0.3026837729423437,
        0.3906350678108191,
        0.5100232057118904,
        0.6652635910138202,
        1.0
      ]
    ],
    "observed_residual_lag_one_correlation_by_station": [
      0.7992495200911318,
      0.7990470195590007,
      0.7943994465589993,
      0.7977345777129924,
      0.7963884546210782,
      0.8002761187408849,
      0.8062436217443076,
      0.8014006960506936,
      0.803336845788675,
      0.8014977743291591,
      0.8013869774211562,
      0.7960017537359038,
      0.8035417440317861,
      0.7978339339329826,
      0.8038356667302968,
      0.8058661608659102,
      0.8033711428111929,
      0.8032503767812392,
      0.7971558774822373,
      0.7893460165838964,
      0.7913328209394381
    ],
    "observed_residual_spatial_correlation": [
      [
        1.0,
        0.7578910861356566,
        0.5713105384829223,
        0.4372816920701741,
        0.33628922565666564,
        0.27623614635507043,
        0.22634208651197757,
        0.18593371703787673,
        0.1497608065313632,
        0.13058983956774192,
        0.07430885003438681,
        0.05287201160560014,
        0.025980909783656095,
        0.0005766147193924535,
        0.032200068370695896,
        0.01560098707806568,
        0.03925006443144927,
        0.026903281120231617,
        0.04194919515242905,
        0.010637486604838594,
        0.039154550904487606
      ],
      [
        0.7578910861356566,
        1.0,
        0.75041975560224,
        0.5725696782449158,
        0.4411601634936914,
        0.3381502882735529,
        0.2650443600908844,
        0.2078951345078614,
        0.1705219605998883,
        0.14196358335981984,
        0.08790681162118279,
        0.06772381734417607,
        0.024778524971686887,
        -0.00499303915404237,
        0.02485389262809657,
        0.021890738865806933,
        0.04425144261370749,
        0.0316843553206329,
        0.04276543668793583,
        0.019174452582626296,
        0.037457879697475154
      ],
      [
        0.5713105384829223,
        0.75041975560224,
        1.0,
        0.7492805440617327,
        0.573230186860069,
        0.44492062081238054,
        0.3530507687088834,
        0.27002788920382975,
        0.21907774300102695,
        0.1693228581047649,
        0.11806029524644722,
        0.07485826964485127,
        0.04055433921121828,
        0.00769981401441922,
        0.03268117468231255,
        0.030813633650653666,
        0.041229966119444364,
        0.03620797010278083,
        0.05556238739318896,
        0.054575697259084746,
        0.06490779946136975
      ],
      [
        0.4372816920701741,
        0.5725696782449158,
        0.7492805440617327,
        1.0,
        0.743049440090034,
        0.5661137713824904,
        0.43569348936707764,
        0.3274240584576409,
        0.26032546279760277,
        0.1742245054566221,
        0.12685044466480286,
        0.08474135116449429,
        0.04487187793455465,
        0.01005266975199652,
        0.01723245429012199,
        0.01911135379683202,
        0.026719602758549493,
        0.02506605666730598,
        0.030709111426454265,
        0.03165680511583267,
        0.03703878491232972
      ],
      [
        0.33628922565666564,
        0.4411601634936914,
        0.573230186860069,
        0.743049440090034,
        1.0,
        0.7542268692742476,
        0.5680653652683686,
        0.43303226920638305,
        0.3335316587997106,
        0.24293934147950247,
        0.18166741346973073,
        0.1427180734452399,
        0.11397828458581066,
        0.058124649562565446,
        0.052654508339644454,
        0.029881607206677905,
        0.027464379859730312,
        0.0214445433919218,
        0.026247729822000573,
        0.021457107777912123,
        0.02234836942290421
      ],
      [
        0.27623614635507043,
        0.3381502882735529,
        0.44492062081238054,
        0.5661137713824904,
        0.7542268692742476,
        1.0,
        0.7419818359713863,
        0.5674365062359863,
        0.45548968227107395,
        0.32733476395850514,
        0.23897156204704462,
        0.19275274930670616,
        0.15614555208161002,
        0.10115363653055309,
        0.10158334210196011,
        0.06325448978681658,
        0.05991280770870199,
        0.045074940968717135,
        0.037932986115160425,
        0.019828590904780535,
        0.03397192449348309
      ],
      [
        0.22634208651197757,
        0.2650443600908844,
        0.3530507687088834,
        0.43569348936707764,
        0.5680653652683686,
        0.7419818359713863,
        1.0,
        0.7687593394674809,
        0.5971232938687616,
        0.4274916071820684,
        0.30516647492113713,
        0.22875036833259713,
        0.17773991332016997,
        0.13533099865610623,
        0.12766925053014433,
        0.0826722691203217,
        0.06605424921646198,
        0.04590466187919598,
        0.05006075113212462,
        0.029379489290958297,
        0.020485583471787704
      ],
      [
        0.18593371703787673,
        0.2078951345078614,
        0.27002788920382975,
        0.3274240584576409,
        0.43303226920638305,
        0.5674365062359863,
        0.7687593394674809,
        1.0,
        0.7570764247299163,
        0.5632880154880551,
        0.4134233473309823,
        0.3111389382673803,
        0.24751272582771483,
        0.20400652094509225,
        0.172694086764122,
        0.11401699842651496,
        0.11176854142238649,
        0.0782424185079817,
        0.061194651835618674,
        0.04468372900051619,
        0.046234846813643364
      ],
      [
        0.1497608065313632,
        0.1705219605998883,
        0.21907774300102695,
        0.26032546279760277,
        0.3335316587997106,
        0.45548968227107395,
        0.5971232938687616,
        0.7570764247299163,
        1.0,
        0.7520496276133303,
        0.5606605222890999,
        0.4262355285046166,
        0.33298063845718523,
        0.2533668873421916,
        0.20582607107725645,
        0.14820552072861956,
        0.13993807798206584,
        0.11234140032689904,
        0.09249501806534446,
        0.05481373166828619,
        0.038546462437265165
      ],
      [
        0.13058983956774192,
        0.14196358335981984,
        0.1693228581047649,
        0.1742245054566221,
        0.24293934147950247,
        0.32733476395850514,
        0.4274916071820684,
        0.5632880154880551,
        0.7520496276133303,
        1.0,
        0.7520475814973816,
        0.5678656776998975,
        0.4400789420176487,
        0.31129524331988817,
        0.2487353878614755,
        0.18710525221572766,
        0.17988458232597604,
        0.14984350899448984,
        0.11394982551786313,
        0.09723949705092116,
        0.06986325230489636
      ],
      [
        0.07430885003438681,
        0.08790681162118279,
        0.11806029524644722,
        0.12685044466480286,
        0.18166741346973073,
        0.23897156204704462,
        0.30516647492113713,
        0.4134233473309823,
        0.5606605222890999,
        0.7520475814973816,
        1.0,
        0.7488719821924287,
        0.5807540689527824,
        0.4207562670633766,
        0.32913759459564684,
        0.24752991486141357,
        0.22934056957207796,
        0.17837208261322357,
        0.12187294452195105,
        0.1045685159057696,
        0.07752721919098603
      ],
      [
        0.05287201160560014,
        0.06772381734417607,
        0.07485826964485127,
        0.08474135116449429,
        0.1427180734452399,
        0.19275274930670616,
        0.22875036833259713,
        0.3111389382673803,
        0.4262355285046166,
        0.5678656776998975,
        0.7488719821924287,
        1.0,
        0.7585964438194119,
        0.5849816442378547,
        0.4611672497392564,
        0.34152714882124,
        0.2841290185408365,
        0.22248845821010757,
        0.16779404857332147,
        0.14641235610647382,
        0.11277664856328086
      ],
      [
        0.025980909783656095,
        0.024778524971686887,
        0.04055433921121828,
        0.04487187793455465,
        0.11397828458581066,
        0.15614555208161002,
        0.17773991332016997,
        0.24751272582771483,
        0.33298063845718523,
        0.4400789420176487,
        0.5807540689527824,
        0.7585964438194119,
        1.0,
        0.7523233037949224,
        0.5807328556499578,
        0.44323271328466746,
        0.35396691327503144,
        0.28297879462156145,
        0.20242506665054563,
        0.18594765934614166,
        0.12797522234861403
      ],
      [
        0.0005766147193924535,
        -0.00499303915404237,
        0.00769981401441922,
        0.01005266975199652,
        0.058124649562565446,
        0.10115363653055309,
        0.13533099865610623,
        0.20400652094509225,
        0.2533668873421916,
        0.31129524331988817,
        0.4207562670633766,
        0.5849816442378547,
        0.7523233037949224,
        1.0,
        0.7619270254406127,
        0.5711406269728911,
        0.43465962802530883,
        0.3541702715947922,
        0.2629204894152193,
        0.2317918786408833,
        0.16579270466803045
      ],
      [
        0.032200068370695896,
        0.02485389262809657,
        0.03268117468231255,
        0.01723245429012199,
        0.052654508339644454,
        0.10158334210196011,
        0.12766925053014433,
        0.172694086764122,
        0.20582607107725645,
        0.2487353878614755,
        0.32913759459564684,
        0.4611672497392564,
        0.5807328556499578,
        0.7619270254406127,
        1.0,
        0.7616871340055824,
        0.5733225869082117,
        0.4513655186165564,
        0.343151458380887,
        0.29384249801161616,
        0.23152720308231053
      ],
      [
        0.01560098707806568,
        0.021890738865806933,
        0.030813633650653666,
        0.01911135379683202,
        0.029881607206677905,
        0.06325448978681658,
        0.0826722691203217,
        0.11401699842651496,
        0.14820552072861956,
        0.18710525221572766,
        0.24752991486141357,
        0.34152714882124,
        0.44323271328466746,
        0.5711406269728911,
        0.7616871340055824,
        1.0,
        0.75771999252867,
        0.595655545392799,
        0.45796827982272,
        0.3856336238724408,
        0.2974966143089821
      ],
      [
        0.03925006443144927,
        0.04425144261370749,
        0.041229966119444364,
        0.026719602758549493,
        0.027464379859730312,
        0.05991280770870199,
        0.06605424921646198,
        0.11176854142238649,
        0.13993807798206584,
        0.17988458232597604,
        0.22934056957207796,
        0.2841290185408365,
        0.35396691327503144,
        0.43465962802530883,
        0.5733225869082117,
        0.75771999252867,
        1.0,
        0.7541026940427089,
        0.584156418720199,
        0.4662353419771892,
        0.36292149804808727
      ],
      [
        0.026903281120231617,
        0.0316843553206329,
        0.03620797010278083,
        0.02506605666730598,
        0.0214445433919218,
        0.045074940968717135,
        0.04590466187919598,
        0.0782424185079817,
        0.11234140032689904,
        0.14984350899448984,
        0.17837208261322357,
        0.22248845821010757,
        0.28297879462156145,
        0.3541702715947922,
        0.4513655186165564,
        0.595655545392799,
        0.7541026940427089,
        1.0,
        0.7583079562031312,
        0.5854838228273426,
        0.45400204367358465
      ],
      [
        0.04194919515242905,
        0.04276543668793583,
        0.05556238739318896,
        0.030709111426454265,
        0.026247729822000573,
        0.037932986115160425,
        0.05006075113212462,
        0.061194651835618674,
        0.09249501806534446,
        0.11394982551786313,
        0.12187294452195105,
        0.16779404857332147,
        0.20242506665054563,
        0.2629204894152193,
        0.343151458380887,
        0.45796827982272,
        0.584156418720199,
        0.7583079562031312,
        1.0,
        0.7610414346737795,
        0.5691077898539131
      ],
      [
        0.010637486604838594,
        0.019174452582626296,
        0.054575697259084746,
        0.03165680511583267,
        0.021457107777912123,
        0.019828590904780535,
        0.029379489290958297,
        0.04468372900051619,
        0.05481373166828619,
        0.09723949705092116,
        0.1045685159057696,
        0.14641235610647382,
        0.18594765934614166,
        0.2317918786408833,
        0.29384249801161616,
        0.3856336238724408,
        0.4662353419771892,
        0.5854838228273426,
        0.7610414346737795,
        1.0,
        0.743503855663851
      ],
      [
        0.039154550904487606,
        0.037457879697475154,
        0.06490779946136975,
        0.03703878491232972,
        0.02234836942290421,
        0.03397192449348309,
        0.020485583471787704,
        0.046234846813643364,
        0.038546462437265165,
        0.06986325230489636,
        0.07752721919098603,
        0.11277664856328086,
        0.12797522234861403,
        0.16579270466803045,
        0.23152720308231053,
        0.2974966143089821,
        0.36292149804808727,
        0.45400204367358465,
        0.5691077898539131,
        0.743503855663851,
        1.0
      ]
    ]
  },
  "global_metrics": {
    "abs_exceedance_error_q95": 0.0019399999999999973,
    "abs_exceedance_error_q99": 0.000279999999999999,
    "abs_quantile_error_q95_m": 0.004228443652391278,
    "abs_quantile_error_q99_m": 0.004586237370967694,
    "crps_m": 0.049112640512378715,
    "dimension_normalized_energy_score_m": 0.06850373228863091,
    "energy_score_m": 0.30852774803558397,
    "error_jensen_shannon_distance": 0.014757798004685864,
    "first_difference_jensen_shannon_distance": 0.013401834406279558,
    "generated_abs_exceedance_q95": 0.04666,
    "generated_abs_exceedance_q99": 0.009485,
    "generated_abs_q95_m": 0.2367803759872913,
    "generated_abs_q99_m": 0.4521976959705358,
    "observed_abs_exceedance_q95": 0.0486,
    "observed_abs_exceedance_q99": 0.009765,
    "observed_abs_q95_m": 0.24100881963968257,
    "observed_abs_q99_m": 0.45678393334150347,
    "predictive_mean_mae_m": 0.06400554158544347,
    "predictive_mean_rmse_m": 0.10963263872275555,
    "residual_lag_one_correlation_mae": 0.004328702054578117,
    "residual_spatial_correlation_rmse": 0.04701425552394177
  },
  "interval_metrics": {
    "0.50": {
      "finite_ensemble": {
        "central_rank_lower_1_based": 16,
        "central_rank_meets_nominal_coverage": true,
        "central_rank_reference_coverage": 0.5076923076923077,
        "central_rank_upper_1_based": 49,
        "empirical_minus_linear_uniform_reference": -0.004505983821559367,
        "ensemble_sample_count": 64,
        "interpretation": "finite-ensemble diagnostic only; final calibration conclusions require a larger predictive ensemble or a separately specified rank-based interval",
        "linear_uniform_reference_coverage": 0.4846153846153846,
        "quantile_method": "linear"
      },
      "global_empirical_coverage": 0.48010940079382525,
      "global_mean_width_m": 0.07498084817831206,
      "nominal_coverage": 0.5,
      "station_empirical_coverage": [
        0.4756857728777081,
        0.48005116647377716,
        0.4821018862561166,
        0.48175671559968325,
        0.4821424945686382,
        0.4805587703802969,
        0.4787720046293476,
        0.4786298755355221,
        0.4759903352216199,
        0.48082272441168705,
        0.47743193031613573,
        0.4803151205051674,
        0.48283144150912743,
        0.4845681522446324,
        0.47967015022860876,
        0.4782188598565056,
        0.47589346971870516,
        0.4791436912098605,
        0.48350915902456965,
        0.48179903730445245,
        0.4839994429745161
      ],
      "station_mean_width_m": [
        0.021573163377856853,
        0.02424303409847649,
        0.028124635380119948,
        0.03276549078809361,
        0.03776336860129794,
        0.04310166057095681,
        0.04870253870661528,
        0.05439815868100219,
        0.06045151961400171,
        0.06681227177845399,
        0.07349771942379929,
        0.0804628286877337,
        0.08739840965491143,
        0.09461410529118358,
        0.10201353506420226,
        0.10968935317681615,
        0.11693267781895438,
        0.12348409209517523,
        0.13018787728133702,
        0.13668578602574163,
        0.14277274965933337
      ]
    },
    "0.90": {
      "finite_ensemble": {
        "central_rank_lower_1_based": 3,
        "central_rank_meets_nominal_coverage": true,
        "central_rank_reference_coverage": 0.9076923076923077,
        "central_rank_upper_1_based": 62,
        "empirical_minus_linear_uniform_reference": -0.0006707574485302903,
        "ensemble_sample_count": 64,
        "interpretation": "finite-ensemble diagnostic only; final calibration conclusions require a larger predictive ensemble or a separately specified rank-based interval",
        "linear_uniform_reference_coverage": 0.8723076923076922,
        "quantile_method": "linear"
      },
      "global_empirical_coverage": 0.8716369348591619,
      "global_mean_width_m": 0.2832180996981637,
      "nominal_coverage": 0.9,
      "station_empirical_coverage": [
        0.8663174351789812,
        0.870236137337313,
        0.8729365901199976,
        0.8721650321820876,
        0.874987309902337,
        0.8740736228706016,
        0.8728756776512152,
        0.8722462488071309,
        0.8693630586180991,
        0.8683478508050598,
        0.870520395524964,
        0.8719619906194798,
        0.8679919589010499,
        0.8725601821730644,
        0.8702849444807316,
        0.8708961207162387,
        0.8701636208652986,
        0.8688506865607093,
        0.8739111448206118,
        0.8764540713999198,
        0.880629438796825
      ],
      "station_mean_width_m": [
        0.08214980822625109,
        0.09239793052811089,
        0.1070189632499831,
        0.12468242149531579,
        0.1437722554631092,
        0.1639140641201007,
        0.18516971880893093,
        0.2049376588062173,
        0.22820498768957337,
        0.25143736181186715,
        0.275665931132414,
        0.30118985957078476,
        0.32761216321382275,
        0.3543618854641518,
        0.38405265094304086,
        0.41595495204250704,
        0.44416300399520825,
        0.46781591933667005,
        0.4926598397987696,
        0.5148503219924624,
        0.5412410867827159
      ]
    },
    "0.95": {
      "finite_ensemble": {
        "central_rank_lower_1_based": 1,
        "central_rank_meets_nominal_coverage": true,
        "central_rank_reference_coverage": 0.9538461538461539,
        "central_rank_upper_1_based": 63,
        "empirical_minus_linear_uniform_reference": 0.0025083162867007847,
        "ensemble_sample_count": 64,
        "interpretation": "finite-ensemble diagnostic only; final calibration conclusions require a larger predictive ensemble or a separately specified rank-based interval",
        "linear_uniform_reference_coverage": 0.9207692307692307,
        "quantile_method": "linear"
      },
      "global_empirical_coverage": 0.9232775470559315,
      "global_mean_width_m": 0.3843139849519882,
      "nominal_coverage": 0.95,
      "station_empirical_coverage": [
        0.9207934864266716,
        0.9220929524273619,
        0.9240218472721367,
        0.9238594140220503,
        0.9272908164301232,
        0.9258086130230858,
        0.9248137093663072,
        0.9255446589916956,
        0.9212807861769304,
        0.9201640575825871,
        0.922275689833709,
        0.9233315059592698,
        0.9189392247243487,
        0.9244673064411191,
        0.9219464402351404,
        0.9225171144871821,
        0.9214536684754361,
        0.9204238296032003,
        0.9244524121446137,
        0.9263688327316486,
        0.9290349533491157
      ],
      "station_mean_width_m": [
        0.11166546316673163,
        0.12525448194162883,
        0.14461107206338866,
        0.16811014240397562,
        0.19394041377545415,
        0.22122882908711478,
        0.2502600680673786,
        0.2767995432198182,
        0.30881714806905297,
        0.3397225784589335,
        0.37285487999172484,
        0.4069043611454523,
        0.443344936972569,
        0.4801137808381039,
        0.5214326668209575,
        0.5651651633679855,
        0.6040092741133803,
        0.6365559831081846,
        0.6710635775443288,
        0.7025788643823797,
        0.740140892909443
      ]
    }
  },
  "model_name": "autoregressive_input_output_hmm",
  "observed_value_count": 1000724,
  "s_grid_m": [
    0.0,
    5.0,
    10.0,
    15.0,
    20.0,
    25.0,
    30.0,
    35.0,
    40.0,
    45.0,
    50.0,
    55.0,
    60.0,
    65.0,
    70.0,
    75.0,
    80.0,
    85.0,
    90.0,
    95.0,
    100.0
  ],
  "sample_count": 64,
  "scenario": "latent_autoregressive",
  "schema_version": "1.1.0",
  "sequence_count": 400,
  "station_metrics": {
    "crps_m": [
      0.014407342833171683,
      0.016030502818056673,
      0.018324294310028928,
      0.021295390463757665,
      0.02442833040137069,
      0.02800292786370072,
      0.03206292392537013,
      0.0356197271426996,
      0.039956330472780736,
      0.04387994100585483,
      0.04817811566419476,
      0.052004512496582694,
      0.05783198343997323,
      0.06132378059782889,
      0.0672859158023446,
      0.0727521984198321,
      0.07761059895683076,
      0.08228447631919991,
      0.08482260209917077,
      0.08789680250281381,
      0.09147974685287827
    ],
    "observation_count": [
      49251,
      49251,
      49251,
      49251,
      49251,
      49251,
      49251,
      49251,
      49251,
      49251,
      49251,
      49251,
      49247,
      49184,
      48992,
      48643,
      48099,
      46245,
      43509,
      39888,
      35905
    ],
    "predictive_mean_mae_m": [
      0.018729015629255545,
      0.020876021345588573,
      0.023920996967993394,
      0.027842798008883944,
      0.03203168965206297,
      0.036607195963948395,
      0.04189807998798412,
      0.04652665853131326,
      0.05212391571925376,
      0.05708403670356057,
      0.06277049253877444,
      0.0679377387031021,
      0.07513067062216043,
      0.07982579752593033,
      0.08762133393690902,
      0.09460560800121953,
      0.10105077109609127,
      0.1069567702855437,
      0.11041173736415945,
      0.1148322943818183,
      0.11943946183453588
    ],
    "predictive_mean_rmse_m": [
      0.028715816969251844,
      0.03198382043852669,
      0.03647397666030961,
      0.04257807497202408,
      0.04862249355606002,
      0.055858107284808486,
      0.06409894770547064,
      0.07108495704156316,
      0.07961465873608496,
      0.08740974048400597,
      0.09560257609094047,
      0.1033300059168853,
      0.115235533332819,
      0.12245341255114185,
      0.13468058183720855,
      0.14552579970872795,
      0.15510875477308533,
      0.16387987001761992,
      0.16979987594504603,
      0.17506855484653527,
      0.18357282391500568
    ]
  }
}
