{
  "approximation_metadata": {
    "dependence_frame_count": 20000,
    "dependence_sample_count": 16,
    "energy_frame_count": 2000,
    "energy_sample_count": 32,
    "first_difference_generated_value_count": 200000,
    "first_difference_observed_value_count": 200000,
    "interval_finite_sample_reference": "uniform_order_statistic_expectation",
    "interval_quantile_method": "linear",
    "jensen_shannon_logarithm_base": "2",
    "marginal_generated_value_count": 200000,
    "marginal_observed_value_count": 200000,
    "metric_seed": 20260714
  },
  "dependence_diagnostics": {
    "generated_residual_lag_one_correlation_by_station": [
      -0.0028752307409370325,
      -0.005686247440463211,
      -0.0030053563908613986,
      -0.0040726585156796976,
      -0.005560587642240499,
      -0.0020842586474835337,
      -0.000473057025885565,
      -0.00273104796292888,
      0.0014921072353182758,
      0.00457804336591449,
      0.005159738831335097,
      0.0026460105766873423,
      0.005669986535104083,
      0.002445311894230358,
      0.0016762448965970014,
      0.0016147253420475101,
      0.0014760952751377626,
      0.0025027237002380395,
      -0.001378762372322958,
      -0.001148007048495678,
      -0.00010549080620814752
    ],
    "generated_residual_spatial_correlation": [
      [
        1.0,
        0.7356081631788224,
        0.6014567345205265,
        0.48921151254439765,
        0.4022326566972014,
        0.3269619816559921,
        0.2671442013819222,
        0.21889027287723783,
        0.17926115416480606,
        0.14610904786127357,
        0.1203542829880057,
        0.10007651826919217,
        0.08287854301668081,
        0.0693344576428763,
        0.05740175323350188,
        0.046101413037310336,
        0.039940067896304526,
        0.031283806261903704,
        0.025761404118417874,
        0.02104270636118803,
        0.01971668296113814
      ],
      [
        0.7356081631788224,
        1.0,
        0.7351828486953162,
        0.6008365580608384,
        0.4915887106316457,
        0.40110209245904094,
        0.3288119041627996,
        0.2685685095441545,
        0.22078966362475141,
        0.18008596631804755,
        0.14894225393173688,
        0.12312407241727288,
        0.10076194401828602,
        0.08363286225696039,
        0.06973871149196917,
        0.05775078724679933,
        0.04835114737592959,
        0.03869210710584316,
        0.031166445672059347,
        0.02607974644072655,
        0.024210029319478733
      ],
      [
        0.6014567345205265,
        0.7351828486953162,
        1.0,
        0.7351449633084857,
        0.6023474393634393,
        0.4934512354932288,
        0.4053990519318307,
        0.3316783987755621,
        0.27083328324994027,
        0.22178889082482076,
        0.1822789203300101,
        0.1507944205822793,
        0.1246015322757805,
        0.10270706175666813,
        0.08362386653384145,
        0.06967256530569402,
        0.057309721112048524,
        0.04745820283804723,
        0.03826525235311779,
        0.02970544255297174,
        0.02611868421438537
      ],
      [
        0.48921151254439765,
        0.6008365580608384,
        0.7351449633084857,
        1.0,
        0.7366455287120502,
        0.6020612203927677,
        0.49317085756241164,
        0.40589998016492873,
        0.3323883408883488,
        0.2726805461007815,
        0.22542186541154452,
        0.18496515184157988,
        0.15291098384716598,
        0.12554979330427407,
        0.10008379465292956,
        0.08319552876568524,
        0.07033367157438768,
        0.05855187263142777,
        0.046301983556742865,
        0.03775813301978559,
        0.03178118538727527
      ],
      [
        0.4022326566972014,
        0.4915887106316457,
        0.6023474393634393,
        0.7366455287120502,
        1.0,
        0.7363658129777104,
        0.6035550737625183,
        0.49542337633160555,
        0.4050739548243211,
        0.3324165970743529,
        0.2729017915380927,
        0.2230556615317422,
        0.18655850888694156,
        0.15195866861887422,
        0.12292530300442167,
        0.1019298938425636,
        0.0861959190005543,
        0.07172042544312257,
        0.058292428867296256,
        0.046704279503175364,
        0.03966026360480938
      ],
      [
        0.3269619816559921,
        0.40110209245904094,
        0.4934512354932288,
        0.6020612203927677,
        0.7363658129777104,
        1.0,
        0.7374404306992525,
        0.6038622020581761,
        0.49492040502546186,
        0.40577682959399275,
        0.33404112135819897,
        0.2721150716001826,
        0.22819002133110314,
        0.1842221239288462,
        0.15065513274317557,
        0.12660738319794893,
        0.10472370299078519,
        0.08844753002584141,
        0.07256127193829477,
        0.05754952607879858,
        0.05102401816057182
      ],
      [
        0.2671442013819222,
        0.3288119041627996,
        0.4053990519318307,
        0.49317085756241164,
        0.6035550737625183,
        0.7374404306992525,
        1.0,
        0.7380997706377073,
        0.6040327695471913,
        0.49363829997833963,
        0.40658630888622027,
        0.33168559717784013,
        0.2751821282487798,
        0.22318285920294392,
        0.1830156696203856,
        0.15234506530959832,
        0.12566734694530343,
        0.10454344060362245,
        0.08407078810922806,
        0.06755727237459713,
        0.05651026202294445
      ],
      [
        0.21889027287723783,
        0.2685685095441545,
        0.3316783987755621,
        0.40589998016492873,
        0.49542337633160555,
        0.6038622020581761,
        0.7380997706377073,
        1.0,
        0.7388116362234738,
        0.6037858343130675,
        0.4968078427675702,
        0.4073057329830932,
        0.33622223107846494,
        0.27422733157156254,
        0.22246484661657898,
        0.1843318025099299,
        0.15198510484658379,
        0.12551310636367186,
        0.1000499982553971,
        0.08050907298636466,
        0.06563312888134507
      ],
      [
        0.17926115416480606,
        0.22078966362475141,
        0.27083328324994027,
        0.3323883408883488,
        0.4050739548243211,
        0.49492040502546186,
        0.6040327695471913,
        0.7388116362234738,
        1.0,
        0.7380185103694268,
        0.6063630710619462,
        0.4976291285456636,
        0.4104494905696159,
        0.33618649976179504,
        0.27334824335323343,
        0.2273856903859129,
        0.18666378278354934,
        0.15452032923262662,
        0.12453282534167373,
        0.10072059696533862,
        0.08458859398872208
      ],
      [
        0.14610904786127357,
        0.18008596631804755,
        0.22178889082482076,
        0.2726805461007815,
        0.3324165970743529,
        0.40577682959399275,
        0.49363829997833963,
        0.6037858343130675,
        0.7380185103694268,
        1.0,
        0.7395987698735788,
        0.6054588300993852,
        0.4977217142783396,
        0.40775379059544803,
        0.3309550131503633,
        0.27364276241681706,
        0.2246339166795999,
        0.18612453492289305,
        0.14984055284252382,
        0.12193304798386384,
        0.10201341537946547
      ],
      [
        0.1203542829880057,
        0.14894225393173688,
        0.1822789203300101,
        0.22542186541154452,
        0.2729017915380927,
        0.33404112135819897,
        0.40658630888622027,
        0.4968078427675702,
        0.6063630710619462,
        0.7395987698735788,
        1.0,
        0.7386068061587064,
        0.6055230417649851,
        0.4956757903729164,
        0.40375396890361714,
        0.3330411403787459,
        0.2710420719604508,
        0.22370015024302006,
        0.17968144589632293,
        0.14801634587428517,
        0.12269623074287464
      ],
      [
        0.10007651826919217,
        0.12312407241727288,
        0.1507944205822793,
        0.18496515184157988,
        0.2230556615317422,
        0.2721150716001826,
        0.33168559717784013,
        0.4073057329830932,
        0.4976291285456636,
        0.6054588300993852,
        0.7386068061587064,
        1.0,
        0.7376638057424156,
        0.6010738376825201,
        0.49011938670190314,
        0.40193098678430905,
        0.32862849124900645,
        0.26971729588813836,
        0.218179668411414,
        0.1792916179795859,
        0.14901972385876913
      ],
      [
        0.08287854301668081,
        0.10076194401828602,
        0.1246015322757805,
        0.15291098384716598,
        0.18655850888694156,
        0.22819002133110314,
        0.2751821282487798,
        0.33622223107846494,
        0.4104494905696159,
        0.4977217142783396,
        0.6055230417649851,
        0.7376638057424156,
        1.0,
        0.7366890295501564,
        0.6017359024566642,
        0.4919953726018146,
        0.4030792873792549,
        0.33005254069509066,
        0.26567018480858906,
        0.21755939884779596,
        0.18102530830798555
      ],
      [
        0.0693344576428763,
        0.08363286225696039,
        0.10270706175666813,
        0.12554979330427407,
        0.15195866861887422,
        0.1842221239288462,
        0.22318285920294392,
        0.27422733157156254,
        0.33618649976179504,
        0.40775379059544803,
        0.4956757903729164,
        0.6010738376825201,
        0.7366890295501564,
        1.0,
        0.7357085519239047,
        0.6012550351926085,
        0.49183475278027866,
        0.402559664414343,
        0.3242552872017289,
        0.26456985216682516,
        0.21899446957630278
      ],
      [
        0.05740175323350188,
        0.06973871149196917,
        0.08362386653384145,
        0.10008379465292956,
        0.12292530300442167,
        0.15065513274317557,
        0.1830156696203856,
        0.22246484661657898,
        0.27334824335323343,
        0.3309550131503633,
        0.40375396890361714,
        0.49011938670190314,
        0.6017359024566642,
        0.7357085519239047,
        1.0,
        0.7365151770880658,
        0.6019010730738134,
        0.492452106913106,
        0.39875495234694885,
        0.32384733947994854,
        0.267573803350005
      ],
      [
        0.046101413037310336,
        0.05775078724679933,
        0.06967256530569402,
        0.08319552876568524,
        0.1019298938425636,
        0.12660738319794893,
        0.15234506530959832,
        0.1843318025099299,
        0.2273856903859129,
        0.27364276241681706,
        0.3330411403787459,
        0.40193098678430905,
        0.4919953726018146,
        0.6012550351926085,
        0.7365151770880658,
        1.0,
        0.7358376713900141,
        0.602107419144702,
        0.4899541759199601,
        0.4011390860578027,
        0.3286165588575569
      ],
      [
        0.039940067896304526,
        0.04835114737592959,
        0.057309721112048524,
        0.07033367157438768,
        0.0861959190005543,
        0.10472370299078519,
        0.12566734694530343,
        0.15198510484658379,
        0.18666378278354934,
        0.2246339166795999,
        0.2710420719604508,
        0.32862849124900645,
        0.4030792873792549,
        0.49183475278027866,
        0.6019010730738134,
        0.7358376713900141,
        1.0,
        0.7370969943016458,
        0.6028765235733636,
        0.4940101322131005,
        0.4048055426938729
      ],
      [
        0.031283806261903704,
        0.03869210710584316,
        0.04745820283804723,
        0.05855187263142777,
        0.07172042544312257,
        0.08844753002584141,
        0.10454344060362245,
        0.12551310636367186,
        0.15452032923262662,
        0.18612453492289305,
        0.22370015024302006,
        0.26971729588813836,
        0.33005254069509066,
        0.402559664414343,
        0.492452106913106,
        0.602107419144702,
        0.7370969943016458,
        1.0,
        0.7375575881496003,
        0.602451882683777,
        0.49255759948895816
      ],
      [
        0.025761404118417874,
        0.031166445672059347,
        0.03826525235311779,
        0.046301983556742865,
        0.058292428867296256,
        0.07256127193829477,
        0.08407078810922806,
        0.1000499982553971,
        0.12453282534167373,
        0.14984055284252382,
        0.17968144589632293,
        0.218179668411414,
        0.26567018480858906,
        0.3242552872017289,
        0.39875495234694885,
        0.4899541759199601,
        0.6028765235733636,
        0.7375575881496003,
        1.0,
        0.7361516890186705,
        0.6027266448061916
      ],
      [
        0.02104270636118803,
        0.02607974644072655,
        0.02970544255297174,
        0.03775813301978559,
        0.046704279503175364,
        0.05754952607879858,
        0.06755727237459713,
        0.08050907298636466,
        0.10072059696533862,
        0.12193304798386384,
        0.14801634587428517,
        0.1792916179795859,
        0.21755939884779596,
        0.26456985216682516,
        0.32384733947994854,
        0.4011390860578027,
        0.4940101322131005,
        0.602451882683777,
        0.7361516890186705,
        1.0,
        0.7398430873889359
      ],
      [
        0.01971668296113814,
        0.024210029319478733,
        0.02611868421438537,
        0.03178118538727527,
        0.03966026360480938,
        0.05102401816057182,
        0.05651026202294445,
        0.06563312888134507,
        0.08458859398872208,
        0.10201341537946547,
        0.12269623074287464,
        0.14901972385876913,
        0.18102530830798555,
        0.21899446957630278,
        0.267573803350005,
        0.3286165588575569,
        0.4048055426938729,
        0.49255759948895816,
        0.6027266448061916,
        0.7398430873889359,
        1.0
      ]
    ],
    "observed_residual_lag_one_correlation_by_station": [
      -0.005210238092290647,
      -0.0054032141860627355,
      -0.007367095733848213,
      -0.010302980190791204,
      -0.0075380776476616585,
      -0.007512818638845228,
      -0.004919278589570936,
      -0.002748837593910757,
      -0.0008249204316512866,
      -0.0015488692951977016,
      -0.007030268581546818,
      -0.00693135859950904,
      -0.0039052797246841857,
      -5.141201438377658e-05,
      -0.001785600341723031,
      -0.001069008171616775,
      0.0013684043339147684,
      0.003051139272437441,
      0.005520141851946364,
      0.007653188994737349,
      0.0005568786584873436
    ],
    "observed_residual_spatial_correlation": [
      [
        1.0,
        0.8168211176646916,
        0.6684830454784202,
        0.5463214865152539,
        0.445298231841064,
        0.36112473808914414,
        0.29720908307638205,
        0.24552673983433138,
        0.19052205861168853,
        0.15002015007462585,
        0.1214492517918467,
        0.10157773084408375,
        0.08101404259656403,
        0.06266245957026671,
        0.05109255079732117,
        0.04037409197333508,
        0.033293605379071216,
        0.028915970425552787,
        0.02491866179630607,
        0.02383848382696413,
        0.02258488471961326
      ],
      [
        0.8168211176646916,
        1.0,
        0.8146898150170251,
        0.6657308847345453,
        0.5431812684205133,
        0.44145743261263454,
        0.3665378823231494,
        0.30170722975973147,
        0.2413419602949405,
        0.19492016205657262,
        0.16214629584680218,
        0.1391178279483296,
        0.11318959134008395,
        0.08931329451135121,
        0.06724676890279847,
        0.05308953068394276,
        0.04126225232539114,
        0.034336327009607724,
        0.026317487203457023,
        0.026333328073421394,
        0.025977450119009125
      ],
      [
        0.6684830454784202,
        0.8146898150170251,
        1.0,
        0.8169726044696669,
        0.6662908244108172,
        0.538442558332486,
        0.4461992018352464,
        0.3715020911749035,
        0.30154412118352664,
        0.24478650451095188,
        0.2016093763234122,
        0.1719756805722624,
        0.13999235829555734,
        0.1118715279027489,
        0.08481504430463627,
        0.07012465004146178,
        0.05225149668362333,
        0.045864514375301445,
        0.03880915276555051,
        0.034106019872269244,
        0.031012310118680032
      ],
      [
        0.5463214865152539,
        0.6657308847345453,
        0.8169726044696669,
        1.0,
        0.8145972377886543,
        0.6610706225010111,
        0.5461324487744317,
        0.4501810340892536,
        0.3629805573501853,
        0.29436462506604455,
        0.24580100863136153,
        0.2061682711993552,
        0.16725767898004243,
        0.1340199602523194,
        0.10602768837726533,
        0.08710151227493608,
        0.06629117094041924,
        0.05858461952186938,
        0.04335399772134665,
        0.03644809478733249,
        0.029960635715035138
      ],
      [
        0.445298231841064,
        0.5431812684205133,
        0.6662908244108172,
        0.8145972377886543,
        1.0,
        0.81390401989793,
        0.6668929311062686,
        0.5492838688127873,
        0.4499035428788933,
        0.3718362834046364,
        0.30789130022681466,
        0.2595995702095602,
        0.2083814653143066,
        0.1643776974700067,
        0.1324569054154884,
        0.11039180540062196,
        0.08837119047543407,
        0.0745229422192901,
        0.05888212828759639,
        0.04737509681198912,
        0.03400750146693618
      ],
      [
        0.36112473808914414,
        0.44145743261263454,
        0.538442558332486,
        0.6610706225010111,
        0.81390401989793,
        1.0,
        0.8163093777240764,
        0.6714406369719621,
        0.5486418230904809,
        0.45080039377813225,
        0.37243448073569013,
        0.3092287131176996,
        0.25178693882906694,
        0.19932103676191562,
        0.16411103393281148,
        0.1344904884864759,
        0.11159168658624284,
        0.08944112052190566,
        0.06966933898466447,
        0.05762352279301638,
        0.04190777003239318
      ],
      [
        0.29720908307638205,
        0.3665378823231494,
        0.4461992018352464,
        0.5461324487744317,
        0.6668929311062686,
        0.8163093777240764,
        1.0,
        0.8173801098724103,
        0.6696153600962562,
        0.5475608256797548,
        0.4529772120070072,
        0.3758261009534442,
        0.30675120448611093,
        0.2460751508618873,
        0.20031618739929194,
        0.1629979481204528,
        0.13132807310925027,
        0.10520377033015725,
        0.08778938599139054,
        0.0715923368743086,
        0.059377865060510265
      ],
      [
        0.24552673983433138,
        0.30170722975973147,
        0.3715020911749035,
        0.4501810340892536,
        0.5492838688127873,
        0.6714406369719621,
        0.8173801098724103,
        1.0,
        0.8189789060805125,
        0.6734941444693013,
        0.5532753824645277,
        0.45695234379044614,
        0.37364697898558813,
        0.3027987772618266,
        0.24771058907326884,
        0.20419094618668565,
        0.1670677178788271,
        0.13608716461781023,
        0.11637132427855097,
        0.09335567454876703,
        0.07924094740369257
      ],
      [
        0.19052205861168853,
        0.2413419602949405,
        0.30154412118352664,
        0.3629805573501853,
        0.4499035428788933,
        0.5486418230904809,
        0.6696153600962562,
        0.8189789060805125,
        1.0,
        0.8186892844365009,
        0.6697607547760331,
        0.552152564195198,
        0.4527959914470028,
        0.37296943473797517,
        0.30495472579112975,
        0.250593755837592,
        0.2024158644723172,
        0.16285695208355744,
        0.14036817115417577,
        0.1118414203310099,
        0.09964786567921637
      ],
      [
        0.15002015007462585,
        0.19492016205657262,
        0.24478650451095188,
        0.29436462506604455,
        0.3718362834046364,
        0.45080039377813225,
        0.5475608256797548,
        0.6734941444693013,
        0.8186892844365009,
        1.0,
        0.8184773004293922,
        0.6705904568873639,
        0.548941412586238,
        0.45338163234488515,
        0.37014993591775813,
        0.30765198758173173,
        0.24725593951809485,
        0.198066581787679,
        0.16795230429917182,
        0.13594645324648652,
        0.12103758356386508
      ],
      [
        0.1214492517918467,
        0.16214629584680218,
        0.2016093763234122,
        0.24580100863136153,
        0.30789130022681466,
        0.37243448073569013,
        0.4529772120070072,
        0.5532753824645277,
        0.6697607547760331,
        0.8184773004293922,
        1.0,
        0.8179346092832132,
        0.6712532211251699,
        0.5510872797021356,
        0.44849786444455164,
        0.3725663300543025,
        0.30408733990512055,
        0.24810972989594626,
        0.20904467438968827,
        0.16937838202116065,
        0.1431997856246381
      ],
      [
        0.10157773084408375,
        0.1391178279483296,
        0.1719756805722624,
        0.2061682711993552,
        0.2595995702095602,
        0.3092287131176996,
        0.3758261009534442,
        0.45695234379044614,
        0.552152564195198,
        0.6705904568873639,
        0.8179346092832132,
        1.0,
        0.8216915045154828,
        0.6735313505752393,
        0.547470866155546,
        0.45179001983301803,
        0.3717171289089351,
        0.30451008358864634,
        0.25633513604187724,
        0.20581848438882802,
        0.17234229976370827
      ],
      [
        0.08101404259656403,
        0.11318959134008395,
        0.13999235829555734,
        0.16725767898004243,
        0.2083814653143066,
        0.25178693882906694,
        0.30675120448611093,
        0.37364697898558813,
        0.4527959914470028,
        0.548941412586238,
        0.6712532211251699,
        0.8216915045154828,
        1.0,
        0.818460137330265,
        0.666894579944877,
        0.5477125817346724,
        0.45233113794643814,
        0.3727596562094763,
        0.31130796521469073,
        0.2503863384680973,
        0.20389852254946889
      ],
      [
        0.06266245957026671,
        0.08931329451135121,
        0.1118715279027489,
        0.1340199602523194,
        0.1643776974700067,
        0.19932103676191562,
        0.2460751508618873,
        0.3027987772618266,
        0.37296943473797517,
        0.45338163234488515,
        0.5510872797021356,
        0.6735313505752393,
        0.818460137330265,
        1.0,
        0.81661896239286,
        0.6703078028291034,
        0.5500633544199307,
        0.45233665979265425,
        0.3746015078657458,
        0.3044255751281541,
        0.2511892658909879
      ],
      [
        0.05109255079732117,
        0.06724676890279847,
        0.08481504430463627,
        0.10602768837726533,
        0.1324569054154884,
        0.16411103393281148,
        0.20031618739929194,
        0.24771058907326884,
        0.30495472579112975,
        0.37014993591775813,
        0.44849786444455164,
        0.547470866155546,
        0.666894579944877,
        0.81661896239286,
        1.0,
        0.8180712892183107,
        0.6720514423461117,
        0.5529282390662004,
        0.4590838600829403,
        0.3730304046658456,
        0.30873442797515777
      ],
      [
        0.04037409197333508,
        0.05308953068394276,
        0.07012465004146178,
        0.08710151227493608,
        0.11039180540062196,
        0.1344904884864759,
        0.1629979481204528,
        0.20419094618668565,
        0.250593755837592,
        0.30765198758173173,
        0.3725663300543025,
        0.45179001983301803,
        0.5477125817346724,
        0.6703078028291034,
        0.8180712892183107,
        1.0,
        0.8195601538985163,
        0.675823083867996,
        0.5560976477617613,
        0.44803518434973993,
        0.36754350344914327
      ],
      [
        0.033293605379071216,
        0.04126225232539114,
        0.05225149668362333,
        0.06629117094041924,
        0.08837119047543407,
        0.11159168658624284,
        0.13132807310925027,
        0.1670677178788271,
        0.2024158644723172,
        0.24725593951809485,
        0.30408733990512055,
        0.3717171289089351,
        0.45233113794643814,
        0.5500633544199307,
        0.6720514423461117,
        0.8195601538985163,
        1.0,
        0.8179455385058997,
        0.6693672589066758,
        0.5466521185275582,
        0.4524143126435433
      ],
      [
        0.028915970425552787,
        0.034336327009607724,
        0.045864514375301445,
        0.05858461952186938,
        0.0745229422192901,
        0.08944112052190566,
        0.10520377033015725,
        0.13608716461781023,
        0.16285695208355744,
        0.198066581787679,
        0.24810972989594626,
        0.30451008358864634,
        0.3727596562094763,
        0.45233665979265425,
        0.5529282390662004,
        0.675823083867996,
        0.8179455385058997,
        1.0,
        0.8174590141033017,
        0.6688389991235821,
        0.5502428264926997
      ],
      [
        0.02491866179630607,
        0.026317487203457023,
        0.03880915276555051,
        0.04335399772134665,
        0.05888212828759639,
        0.06966933898466447,
        0.08778938599139054,
        0.11637132427855097,
        0.14036817115417577,
        0.16795230429917182,
        0.20904467438968827,
        0.25633513604187724,
        0.31130796521469073,
        0.3746015078657458,
        0.4590838600829403,
        0.5560976477617613,
        0.6693672589066758,
        0.8174590141033017,
        1.0,
        0.8213259278020884,
        0.6793784041045218
      ],
      [
        0.02383848382696413,
        0.026333328073421394,
        0.034106019872269244,
        0.03644809478733249,
        0.04737509681198912,
        0.05762352279301638,
        0.0715923368743086,
        0.09335567454876703,
        0.1118414203310099,
        0.13594645324648652,
        0.16937838202116065,
        0.20581848438882802,
        0.2503863384680973,
        0.3044255751281541,
        0.3730304046658456,
        0.44803518434973993,
        0.5466521185275582,
        0.6688389991235821,
        0.8213259278020884,
        1.0,
        0.8219166307299349
      ],
      [
        0.02258488471961326,
        0.025977450119009125,
        0.031012310118680032,
        0.029960635715035138,
        0.03400750146693618,
        0.04190777003239318,
        0.059377865060510265,
        0.07924094740369257,
        0.09964786567921637,
        0.12103758356386508,
        0.1431997856246381,
        0.17234229976370827,
        0.20389852254946889,
        0.2511892658909879,
        0.30873442797515777,
        0.36754350344914327,
        0.4524143126435433,
        0.5502428264926997,
        0.6793784041045218,
        0.8219166307299349,
        1.0
      ]
    ]
  },
  "global_metrics": {
    "abs_exceedance_error_q95": 0.0002699999999999994,
    "abs_exceedance_error_q99": 0.0008599999999999997,
    "abs_quantile_error_q95_m": 7.418841123577047e-05,
    "abs_quantile_error_q99_m": 0.003603941649198611,
    "crps_m": 0.029413236815835436,
    "dimension_normalized_energy_score_m": 0.03969625353228045,
    "energy_score_m": 0.17955230297247585,
    "error_jensen_shannon_distance": 0.014766278422045002,
    "first_difference_jensen_shannon_distance": 0.014329907847422777,
    "generated_abs_exceedance_q95": 0.05066,
    "generated_abs_exceedance_q99": 0.010985,
    "generated_abs_q95_m": 0.1361349925398826,
    "generated_abs_q99_m": 0.20746496841311476,
    "observed_abs_exceedance_q95": 0.05039,
    "observed_abs_exceedance_q99": 0.010125,
    "observed_abs_q95_m": 0.13606080412864682,
    "observed_abs_q99_m": 0.20386102676391615,
    "predictive_mean_mae_m": 0.041279353879967694,
    "predictive_mean_rmse_m": 0.0593597650672841,
    "residual_lag_one_correlation_mae": 0.0043108392808795006,
    "residual_spatial_correlation_rmse": 0.04225435516838615
  },
  "interval_metrics": {
    "0.50": {
      "finite_ensemble": {
        "central_rank_lower_1_based": 16,
        "central_rank_meets_nominal_coverage": true,
        "central_rank_reference_coverage": 0.5076923076923077,
        "central_rank_upper_1_based": 49,
        "empirical_minus_linear_uniform_reference": -0.008801397483015283,
        "ensemble_sample_count": 64,
        "interpretation": "finite-ensemble diagnostic only; final calibration conclusions require a larger predictive ensemble or a separately specified rank-based interval",
        "linear_uniform_reference_coverage": 0.4846153846153846,
        "quantile_method": "linear"
      },
      "global_empirical_coverage": 0.47581398713236933,
      "global_mean_width_m": 0.06637433582696432,
      "nominal_coverage": 0.5,
      "station_empirical_coverage": [
        0.47738845780795347,
        0.4754283866795991,
        0.4733470740381507,
        0.4754485935984481,
        0.4776107339152926,
        0.4731045910119625,
        0.47609521500161656,
        0.4771661817006143,
        0.47718638861946333,
        0.4757112835434853,
        0.4726802457161332,
        0.47449886841254446,
        0.4717507274490786,
        0.4738267512833987,
        0.4745731781499655,
        0.472979035810425,
        0.47861155120265014,
        0.4797797244429325,
        0.4782940003137677,
        0.48113693821948406,
        0.47723467458817176
      ],
      "station_mean_width_m": [
        0.01560572158882182,
        0.017699009316469564,
        0.020935881056997143,
        0.024842487543259108,
        0.029392305729361416,
        0.03424542302559949,
        0.03944450203504992,
        0.045129619501632655,
        0.05102146531107201,
        0.05720912515619658,
        0.06347360095170997,
        0.06997799996386542,
        0.07668511209336068,
        0.08364778780289463,
        0.09095515992193579,
        0.09846980159174591,
        0.10625873522837914,
        0.11441790279386184,
        0.12275701070625966,
        0.13113169701319866,
        0.13942337606523247
      ]
    },
    "0.90": {
      "finite_ensemble": {
        "central_rank_lower_1_based": 3,
        "central_rank_meets_nominal_coverage": true,
        "central_rank_reference_coverage": 0.9076923076923077,
        "central_rank_upper_1_based": 62,
        "empirical_minus_linear_uniform_reference": -0.0024901439351709964,
        "ensemble_sample_count": 64,
        "interpretation": "finite-ensemble diagnostic only; final calibration conclusions require a larger predictive ensemble or a separately specified rank-based interval",
        "linear_uniform_reference_coverage": 0.8723076923076922,
        "quantile_method": "linear"
      },
      "global_empirical_coverage": 0.8698175483725212,
      "global_mean_width_m": 0.16041787583089323,
      "nominal_coverage": 0.9,
      "station_empirical_coverage": [
        0.8679881991593922,
        0.8703524086647269,
        0.8682306821855803,
        0.8672001293242806,
        0.8699886841254445,
        0.8713829615260265,
        0.8704534432589719,
        0.8693420627222761,
        0.8688570966698997,
        0.8717870999030067,
        0.8695643388296153,
        0.8674224054316197,
        0.8695239249919172,
        0.869861352520312,
        0.8691552779918083,
        0.8715025695407456,
        0.8706816732166005,
        0.870577479163123,
        0.8728344427261929,
        0.8711126383741195,
        0.8686470429381582
      ],
      "station_mean_width_m": [
        0.03745716922814603,
        0.04265921780670246,
        0.05061399367720602,
        0.06019926587971603,
        0.07129233007700851,
        0.0830575269555383,
        0.09568381323617672,
        0.10938547131476119,
        0.12365087080355995,
        0.1386173956677317,
        0.15382491816953758,
        0.16982114252715205,
        0.18589928796184352,
        0.202789202676874,
        0.22014117746435843,
        0.23817734369119525,
        0.25678829504995127,
        0.27588396453724723,
        0.29580134289298515,
        0.31529554874440063,
        0.3346809952106006
      ]
    },
    "0.95": {
      "finite_ensemble": {
        "central_rank_lower_1_based": 1,
        "central_rank_meets_nominal_coverage": true,
        "central_rank_reference_coverage": 0.9538461538461539,
        "central_rank_upper_1_based": 63,
        "empirical_minus_linear_uniform_reference": 0.0017960908373108042,
        "ensemble_sample_count": 64,
        "interpretation": "finite-ensemble diagnostic only; final calibration conclusions require a larger predictive ensemble or a separately specified rank-based interval",
        "linear_uniform_reference_coverage": 0.9207692307692307,
        "quantile_method": "linear"
      },
      "global_empirical_coverage": 0.9225653216065415,
      "global_mean_width_m": 0.1891966854883466,
      "nominal_coverage": 0.95,
      "station_empirical_coverage": [
        0.921536534109279,
        0.9223650177820886,
        0.9212132234076948,
        0.9222639831878435,
        0.9220012932428063,
        0.9243452958292919,
        0.9234359844810863,
        0.9218598448108632,
        0.9226075008082768,
        0.9238401228580666,
        0.9231935014548982,
        0.9218396378920142,
        0.9235370190753314,
        0.9226524920166539,
        0.9222393446611785,
        0.9232196753405661,
        0.9229851237628856,
        0.9234988943697908,
        0.9234630986799346,
        0.9216514076728602,
        0.9192816635160681
      ],
      "station_mean_width_m": [
        0.04403890497993926,
        0.050282595008560124,
        0.059761569720597395,
        0.07108057462946273,
        0.08418957867355682,
        0.09809590295392204,
        0.1130722126977653,
        0.12921398641904447,
        0.1460748411268691,
        0.1637049187613801,
        0.1817418600663454,
        0.20071647660556538,
        0.21975255280811692,
        0.23946026202913662,
        0.259892121106285,
        0.28104103000467395,
        0.3026702202304901,
        0.3250285650659293,
        0.3483972174322349,
        0.37075082052304453,
        0.393118954487414
      ]
    }
  },
  "model_name": "autoregressive_input_output_hmm",
  "observed_value_count": 1009199,
  "s_grid_m": [
    0.0,
    5.0,
    10.0,
    15.0,
    20.0,
    25.0,
    30.0,
    35.0,
    40.0,
    45.0,
    50.0,
    55.0,
    60.0,
    65.0,
    70.0,
    75.0,
    80.0,
    85.0,
    90.0,
    95.0,
    100.0
  ],
  "sample_count": 64,
  "scenario": "conditional_gaussian",
  "schema_version": "1.1.0",
  "sequence_count": 400,
  "station_metrics": {
    "crps_m": [
      0.00688331434025511,
      0.007845044928100514,
      0.009328982010482928,
      0.011056392522038487,
      0.013021405548954935,
      0.015171448487589579,
      0.017522095103669328,
      0.02005767962023467,
      0.02270120930804294,
      0.025339277132915748,
      0.028293727912514322,
      0.031210122595246595,
      0.03422550161309408,
      0.037315069810070225,
      0.0404377968347598,
      0.04369021250508407,
      0.047060817522604714,
      0.0503460862505783,
      0.05393317895091928,
      0.0576888127358788,
      0.06158345123216123
    ],
    "observation_count": [
      49488,
      49488,
      49488,
      49488,
      49488,
      49488,
      49488,
      49488,
      49488,
      49488,
      49488,
      49488,
      49488,
      49478,
      49318,
      49036,
      48601,
      47032,
      44619,
      40741,
      37030
    ],
    "predictive_mean_mae_m": [
      0.00966017437534068,
      0.01100933462202496,
      0.013088499670010792,
      0.015510372719118664,
      0.018265127530309594,
      0.021320974303111206,
      0.024582732942045077,
      0.028135041873636198,
      0.031835942590571764,
      0.03555391598963283,
      0.03971825324818991,
      0.04376350623478323,
      0.04803825840153379,
      0.052391862407643736,
      0.05677627321654251,
      0.06131717253460887,
      0.0659882643217062,
      0.07067780909577202,
      0.07573521776457069,
      0.08096436019689747,
      0.08644893516450304
    ],
    "predictive_mean_rmse_m": [
      0.012099891089485311,
      0.01379572719781823,
      0.01639044892161472,
      0.01944952972612737,
      0.02288687977301442,
      0.02667257498451479,
      0.030840189751648272,
      0.03530666555709694,
      0.03995189538737858,
      0.04457967588670297,
      0.0497496335326774,
      0.054887537850141076,
      0.060128639659324995,
      0.06562244012703819,
      0.07111039538937787,
      0.07686410139949554,
      0.0828041417008349,
      0.08858347439988858,
      0.0948602736565233,
      0.10144299085410818,
      0.10830724564688189
    ]
  }
}
