{
  "approximation_metadata": {
    "dependence_frame_count": 20000,
    "dependence_sample_count": 16,
    "energy_frame_count": 2000,
    "energy_sample_count": 32,
    "first_difference_generated_value_count": 200000,
    "first_difference_observed_value_count": 200000,
    "jensen_shannon_logarithm_base": "2",
    "marginal_generated_value_count": 200000,
    "marginal_observed_value_count": 200000,
    "metric_seed": 20260714
  },
  "dependence_diagnostics": {
    "generated_residual_lag_one_correlation_by_station": [
      -0.0018524155100215598,
      3.8684006266975204e-05,
      0.000407296718306578,
      -0.00033013760028721744,
      -0.0008172794094411095,
      0.0005962138892598237,
      0.0010054462331422348,
      0.0005282700776690847,
      0.0001822352489603283,
      0.0019724928700443605,
      0.0019956082305690134,
      0.0013475291461949826,
      6.643375727621262e-05,
      -0.00014854531905463529,
      -0.000844718301766655,
      -0.0014139926533600225,
      -0.0002773635192097325,
      0.0021484999840739117,
      0.00012129765502842085,
      0.0028254771231908246,
      0.0020379220807105313
    ],
    "generated_residual_spatial_correlation": [
      [
        1.0,
        0.749650775842512,
        0.5552910903798394,
        0.41274638135267494,
        0.310821328605584,
        0.23318335800846662,
        0.18121920950661294,
        0.13488291474773273,
        0.09853266825810741,
        0.07321188184877282,
        0.060829034414430716,
        0.04271044255493375,
        0.01895676892163651,
        0.004507911885703338,
        -0.0007659067730358036,
        -0.002162616910214905,
        -0.001883426222512918,
        0.0024342968580168775,
        0.0021972620936670513,
        0.0022139243871369513,
        0.000355482270175733
      ],
      [
        0.749650775842512,
        1.0,
        0.7491437301375783,
        0.5623147125390199,
        0.4281707666505022,
        0.32843274873370837,
        0.2553546688256727,
        0.19319726877708435,
        0.14456504653177746,
        0.11305540733730239,
        0.09239600494257519,
        0.06276914786779447,
        0.034202398314064505,
        0.012919447518281118,
        0.004047003667205117,
        0.003122083426621303,
        0.0010328662127663671,
        0.010846197366954,
        0.010123453445738602,
        0.011646802392756915,
        0.007209990372183604
      ],
      [
        0.5552910903798394,
        0.7491437301375783,
        1.0,
        0.75330266852035,
        0.5794090587557322,
        0.4444784331149324,
        0.34465477875962786,
        0.26247066722058715,
        0.20139365149721755,
        0.1577102933529309,
        0.12679699737216474,
        0.08577215411578583,
        0.05487382142535167,
        0.035996274871166724,
        0.028476092076497993,
        0.021261475529145427,
        0.014486950988519556,
        0.018912673388596982,
        0.01906604009994849,
        0.019200118425216073,
        0.01655461661793493
      ],
      [
        0.41274638135267494,
        0.5623147125390199,
        0.75330266852035,
        1.0,
        0.7621613558980009,
        0.5875126393576482,
        0.4485143811555214,
        0.3399379531157101,
        0.2627431232975144,
        0.19662350123283143,
        0.15548275697296943,
        0.10833361823931362,
        0.0726494205912791,
        0.05278360032616698,
        0.04588295222412023,
        0.030345582316175585,
        0.019139142351368005,
        0.027731994798078148,
        0.021438525742943915,
        0.012288110374768978,
        0.009092980580185725
      ],
      [
        0.310821328605584,
        0.4281707666505022,
        0.5794090587557322,
        0.7621613558980009,
        1.0,
        0.7631702839312561,
        0.581719576631841,
        0.4471186920780952,
        0.3404669484354997,
        0.24864731224318568,
        0.18429237960962894,
        0.13344111303487943,
        0.09767860442035893,
        0.07848960295634108,
        0.06840689340669966,
        0.04758087261396229,
        0.034866578823501554,
        0.03139772491293143,
        0.026740670038111702,
        0.022600155629538918,
        0.016604880077363354
      ],
      [
        0.23318335800846662,
        0.32843274873370837,
        0.4444784331149324,
        0.5875126393576482,
        0.7631702839312561,
        1.0,
        0.7584479816912261,
        0.580760422734893,
        0.44234479663872805,
        0.3313321894138436,
        0.24744483662053965,
        0.18533379455622778,
        0.13194863746205046,
        0.10374242629415861,
        0.08050230914908155,
        0.052237682361157174,
        0.04159438503007101,
        0.03320947401241178,
        0.02606961391176453,
        0.023953509492778094,
        0.01611631666139277
      ],
      [
        0.18121920950661294,
        0.2553546688256727,
        0.34465477875962786,
        0.4485143811555214,
        0.581719576631841,
        0.7584479816912261,
        1.0,
        0.7569106077735362,
        0.5684847109406079,
        0.4243368321178437,
        0.3180184683258797,
        0.23991935482254842,
        0.16945796028419557,
        0.12717181344266046,
        0.09197995153129189,
        0.0600674091688076,
        0.03840981229519739,
        0.03704455289894332,
        0.023173212792230828,
        0.015447178937492222,
        0.01728012169212565
      ],
      [
        0.13488291474773273,
        0.19319726877708435,
        0.26247066722058715,
        0.3399379531157101,
        0.4471186920780952,
        0.580760422734893,
        0.7569106077735362,
        1.0,
        0.7419820442078192,
        0.5505859858704641,
        0.4088413906995181,
        0.3044323128057637,
        0.22295877460518485,
        0.17243287496781093,
        0.13076969358590565,
        0.09556747167376678,
        0.07016581849332676,
        0.06256493789053953,
        0.04777715220125751,
        0.03769638513751031,
        0.031719611069931215
      ],
      [
        0.09853266825810741,
        0.14456504653177746,
        0.20139365149721755,
        0.2627431232975144,
        0.3404669484354997,
        0.44234479663872805,
        0.5684847109406079,
        0.7419820442078192,
        1.0,
        0.7455922354464654,
        0.5539757422311479,
        0.4136697525532269,
        0.30100193912235995,
        0.22392052329040266,
        0.17228782123626987,
        0.12635814813056828,
        0.09094527788318756,
        0.07575400029082754,
        0.055869244027185294,
        0.0341640002158699,
        0.029093248961200715
      ],
      [
        0.07321188184877282,
        0.11305540733730239,
        0.1577102933529309,
        0.19662350123283143,
        0.24864731224318568,
        0.3313321894138436,
        0.4243368321178437,
        0.5505859858704641,
        0.7455922354464654,
        1.0,
        0.7404304723662152,
        0.5485753759441134,
        0.400797026834224,
        0.295776926091204,
        0.22469260912943295,
        0.1749553645219329,
        0.13065845933361825,
        0.10069196513054399,
        0.06911195368930204,
        0.04707644272551,
        0.03609485891100945
      ],
      [
        0.060829034414430716,
        0.09239600494257519,
        0.12679699737216474,
        0.15548275697296943,
        0.18429237960962894,
        0.24744483662053965,
        0.3180184683258797,
        0.4088413906995181,
        0.5539757422311479,
        0.7404304723662152,
        1.0,
        0.7425867519910605,
        0.5520574591138885,
        0.4132820271995784,
        0.31821945708326427,
        0.23871378924066355,
        0.18642983498795332,
        0.14140535886751915,
        0.09832780219436384,
        0.06804411646167063,
        0.05401767433199084
      ],
      [
        0.04271044255493375,
        0.06276914786779447,
        0.08577215411578583,
        0.10833361823931362,
        0.13344111303487943,
        0.18533379455622778,
        0.23991935482254842,
        0.3044323128057637,
        0.4136697525532269,
        0.5485753759441134,
        0.7425867519910605,
        1.0,
        0.7452596805124919,
        0.561659634391356,
        0.42725642876531134,
        0.316396865709778,
        0.24941593408627338,
        0.19237676159517378,
        0.14039946300701464,
        0.0960434289789511,
        0.07772286917164453
      ],
      [
        0.01895676892163651,
        0.034202398314064505,
        0.05487382142535167,
        0.0726494205912791,
        0.09767860442035893,
        0.13194863746205046,
        0.16945796028419557,
        0.22295877460518485,
        0.30100193912235995,
        0.400797026834224,
        0.5520574591138885,
        0.7452596805124919,
        1.0,
        0.745229199696684,
        0.5638568162305938,
        0.4188188867684243,
        0.32263422200656855,
        0.24326594789637257,
        0.17748476331192115,
        0.13340309836887798,
        0.10789989280179633
      ],
      [
        0.004507911885703338,
        0.012919447518281118,
        0.035996274871166724,
        0.05278360032616698,
        0.07848960295634108,
        0.10374242629415861,
        0.12717181344266046,
        0.17243287496781093,
        0.22392052329040266,
        0.295776926091204,
        0.4132820271995784,
        0.561659634391356,
        0.745229199696684,
        1.0,
        0.7475017662856597,
        0.5550457369166768,
        0.42241408351492904,
        0.31426435679684184,
        0.2298445350241808,
        0.1778269016739565,
        0.13314530631409274
      ],
      [
        -0.0007659067730358036,
        0.004047003667205117,
        0.028476092076497993,
        0.04588295222412023,
        0.06840689340669966,
        0.08050230914908155,
        0.09197995153129189,
        0.13076969358590565,
        0.17228782123626987,
        0.22469260912943295,
        0.31821945708326427,
        0.42725642876531134,
        0.5638568162305938,
        0.7475017662856597,
        1.0,
        0.7456992152631674,
        0.557588274277573,
        0.4180182111207473,
        0.3117506250418117,
        0.23392531034996156,
        0.1770063547356683
      ],
      [
        -0.002162616910214905,
        0.003122083426621303,
        0.021261475529145427,
        0.030345582316175585,
        0.04758087261396229,
        0.052237682361157174,
        0.0600674091688076,
        0.09556747167376678,
        0.12635814813056828,
        0.1749553645219329,
        0.23871378924066355,
        0.316396865709778,
        0.4188188867684243,
        0.5550457369166768,
        0.7456992152631674,
        1.0,
        0.7537596266382853,
        0.5601046688158114,
        0.41486512531233494,
        0.31095649135963493,
        0.2338143884005424
      ],
      [
        -0.001883426222512918,
        0.0010328662127663671,
        0.014486950988519556,
        0.019139142351368005,
        0.034866578823501554,
        0.04159438503007101,
        0.03840981229519739,
        0.07016581849332676,
        0.09094527788318756,
        0.13065845933361825,
        0.18642983498795332,
        0.24941593408627338,
        0.32263422200656855,
        0.42241408351492904,
        0.557588274277573,
        0.7537596266382853,
        1.0,
        0.7479447680956319,
        0.5522596486635025,
        0.4099110435962144,
        0.31544507890225415
      ],
      [
        0.0024342968580168775,
        0.010846197366954,
        0.018912673388596982,
        0.027731994798078148,
        0.03139772491293143,
        0.03320947401241178,
        0.03704455289894332,
        0.06256493789053953,
        0.07575400029082754,
        0.10069196513054399,
        0.14140535886751915,
        0.19237676159517378,
        0.24326594789637257,
        0.31426435679684184,
        0.4180182111207473,
        0.5601046688158114,
        0.7479447680956319,
        1.0,
        0.7448212791915797,
        0.5504237952322192,
        0.4129827879323764
      ],
      [
        0.0021972620936670513,
        0.010123453445738602,
        0.01906604009994849,
        0.021438525742943915,
        0.026740670038111702,
        0.02606961391176453,
        0.023173212792230828,
        0.04777715220125751,
        0.055869244027185294,
        0.06911195368930204,
        0.09832780219436384,
        0.14039946300701464,
        0.17748476331192115,
        0.2298445350241808,
        0.3117506250418117,
        0.41486512531233494,
        0.5522596486635025,
        0.7448212791915797,
        1.0,
        0.7489354974550327,
        0.5696899277012244
      ],
      [
        0.0022139243871369513,
        0.011646802392756915,
        0.019200118425216073,
        0.012288110374768978,
        0.022600155629538918,
        0.023953509492778094,
        0.015447178937492222,
        0.03769638513751031,
        0.0341640002158699,
        0.04707644272551,
        0.06804411646167063,
        0.0960434289789511,
        0.13340309836887798,
        0.1778269016739565,
        0.23392531034996156,
        0.31095649135963493,
        0.4099110435962144,
        0.5504237952322192,
        0.7489354974550327,
        1.0,
        0.7497069370947198
      ],
      [
        0.000355482270175733,
        0.007209990372183604,
        0.01655461661793493,
        0.009092980580185725,
        0.016604880077363354,
        0.01611631666139277,
        0.01728012169212565,
        0.031719611069931215,
        0.029093248961200715,
        0.03609485891100945,
        0.05401767433199084,
        0.07772286917164453,
        0.10789989280179633,
        0.13314530631409274,
        0.1770063547356683,
        0.2338143884005424,
        0.31544507890225415,
        0.4129827879323764,
        0.5696899277012244,
        0.7497069370947198,
        1.0
      ]
    ],
    "observed_residual_lag_one_correlation_by_station": [
      0.7864342810946768,
      0.786449559551829,
      0.7822195713488556,
      0.7848681627321659,
      0.7834839055756447,
      0.7883349298173167,
      0.7934862062849153,
      0.7884249945652462,
      0.7911166919812574,
      0.7887693687027546,
      0.788600539800057,
      0.7827201305593174,
      0.7905547864372791,
      0.7848223856113787,
      0.7918566036462245,
      0.7942230188741051,
      0.7910979119188752,
      0.7918334017154326,
      0.7846720745391309,
      0.7767933457560777,
      0.7796348053573199
    ],
    "observed_residual_spatial_correlation": [
      [
        1.0,
        0.7593980742006432,
        0.5714984158509341,
        0.43829363205154254,
        0.3358240631453804,
        0.27607792537798165,
        0.2291123039540239,
        0.18972961440636235,
        0.1510094649235659,
        0.13104082188147625,
        0.0725491716856554,
        0.05249645021163746,
        0.02471170678486986,
        0.0018136077953373082,
        0.03305576851235771,
        0.01844450919923732,
        0.043070532356356724,
        0.028680339047614144,
        0.04538910310871907,
        0.010848092657707921,
        0.03911509434756744
      ],
      [
        0.7593980742006432,
        1.0,
        0.7504108032584946,
        0.5731200345744639,
        0.4386397863590806,
        0.3362264916434709,
        0.26663125725340675,
        0.21053956099178023,
        0.17082417358209814,
        0.14137545655391662,
        0.08741878131026229,
        0.06729045013889824,
        0.025137109475284268,
        -0.0037916504000716266,
        0.027431626262414282,
        0.02685131431512396,
        0.05094250650287551,
        0.03657756981850268,
        0.048295321315907365,
        0.021946824989619574,
        0.03935755738885357
      ],
      [
        0.5714984158509341,
        0.7504108032584946,
        1.0,
        0.7499852182742353,
        0.5721683479562045,
        0.4440839254299024,
        0.354284005323422,
        0.27414065087181655,
        0.2216669178422333,
        0.16948038732470608,
        0.11724368208160484,
        0.07446484850088965,
        0.04081563800235351,
        0.011924568197084208,
        0.037347140309077355,
        0.0366712171519182,
        0.04693927339930706,
        0.04189202751949877,
        0.060401410565153496,
        0.057644124013231754,
        0.06823952573094509
      ],
      [
        0.43829363205154254,
        0.5731200345744639,
        0.7499852182742353,
        1.0,
        0.7430541008249503,
        0.5667176646163757,
        0.4356894661062633,
        0.3280210352887221,
        0.25912604268883976,
        0.17146649327578736,
        0.12310211927897488,
        0.08209974326144036,
        0.04414711775519095,
        0.010921725678420145,
        0.01805358938449804,
        0.02077713597931542,
        0.028584352635951746,
        0.027506517164777658,
        0.03149031006009357,
        0.03240730060603238,
        0.03968181587033456
      ],
      [
        0.3358240631453804,
        0.4386397863590806,
        0.5721683479562045,
        0.7430541008249503,
        1.0,
        0.7558417959960613,
        0.5691729585064489,
        0.43596797972186724,
        0.3350132186300341,
        0.24350567555545477,
        0.17971270473503484,
        0.1413617592018725,
        0.11363371774946252,
        0.058701710075768444,
        0.052725262394773126,
        0.03130988903986617,
        0.030034008276497742,
        0.024203909730084915,
        0.029923753976676588,
        0.02940154679746889,
        0.029638758804906937
      ],
      [
        0.27607792537798165,
        0.3362264916434709,
        0.4440839254299024,
        0.5667176646163757,
        0.7558417959960613,
        1.0,
        0.7443170180074998,
        0.5713970939938068,
        0.4574778651874318,
        0.3280358376959116,
        0.23949723643000717,
        0.19279683561643873,
        0.1558947363859628,
        0.10291872223827625,
        0.10240355822450564,
        0.06262734728977751,
        0.06254340499539264,
        0.04569435202110694,
        0.04248526526847374,
        0.02749123561169891,
        0.04097038312940492
      ],
      [
        0.2291123039540239,
        0.26663125725340675,
        0.354284005323422,
        0.4356894661062633,
        0.5691729585064489,
        0.7443170180074998,
        1.0,
        0.7708190852886488,
        0.5967789100514295,
        0.4252199986119242,
        0.30387778147247174,
        0.22562369723147657,
        0.17643106180493626,
        0.13456813755714836,
        0.12583485768749816,
        0.0812999182269499,
        0.06794941690144303,
        0.04394665511248353,
        0.05277016516790803,
        0.03379222229414398,
        0.02590083847164362
      ],
      [
        0.18972961440636235,
        0.21053956099178023,
        0.27414065087181655,
        0.3280210352887221,
        0.43596797972186724,
        0.5713970939938068,
        0.7708190852886488,
        1.0,
        0.7575715918564722,
        0.5629117155681971,
        0.4117966730145575,
        0.3077787332233451,
        0.24650069819709472,
        0.2046832300297026,
        0.17384882548205371,
        0.11705105073430828,
        0.11523129016077026,
        0.07907941613356625,
        0.06712117603028696,
        0.05223314745708712,
        0.055317646693945
      ],
      [
        0.1510094649235659,
        0.17082417358209814,
        0.2216669178422333,
        0.25912604268883976,
        0.3350132186300341,
        0.4574778651874318,
        0.5967789100514295,
        0.7575715918564722,
        1.0,
        0.7532959148461194,
        0.5596835018511985,
        0.42490002317831127,
        0.3320065505047506,
        0.2538778024351633,
        0.20808705936895952,
        0.15450236216201066,
        0.1460755769770182,
        0.11568669678582638,
        0.09959581953567931,
        0.061211509620333546,
        0.046184537812277146
      ],
      [
        0.13104082188147625,
        0.14137545655391662,
        0.16948038732470608,
        0.17146649327578736,
        0.24350567555545477,
        0.3280358376959116,
        0.4252199986119242,
        0.5629117155681971,
        0.7532959148461194,
        1.0,
        0.7535465287162666,
        0.5693315953719099,
        0.4415720166624305,
        0.3129196980520929,
        0.25037098710531014,
        0.19270424690901114,
        0.18356666595137933,
        0.15151951872623823,
        0.11910172987506235,
        0.10333393561583759,
        0.07600731744964177
      ],
      [
        0.0725491716856554,
        0.08741878131026229,
        0.11724368208160484,
        0.12310211927897488,
        0.17971270473503484,
        0.23949723643000717,
        0.30387778147247174,
        0.4117966730145575,
        0.5596835018511985,
        0.7535465287162666,
        1.0,
        0.7502058360923591,
        0.5819076661024283,
        0.42144941355588594,
        0.3310992606366674,
        0.2530233046546347,
        0.23132673589253655,
        0.17945788372559388,
        0.1257945816254284,
        0.11126370909689111,
        0.08360283827978136
      ],
      [
        0.05249645021163746,
        0.06729045013889824,
        0.07446484850088965,
        0.08209974326144036,
        0.1413617592018725,
        0.19279683561643873,
        0.22562369723147657,
        0.3077787332233451,
        0.42490002317831127,
        0.5693315953719099,
        0.7502058360923591,
        1.0,
        0.7604605413585289,
        0.5857711540419351,
        0.4614754722684919,
        0.3455830841553179,
        0.2848746453424701,
        0.2241196436691217,
        0.17172508085676286,
        0.15182260702951672,
        0.11943076073613931
      ],
      [
        0.02471170678486986,
        0.025137109475284268,
        0.04081563800235351,
        0.04414711775519095,
        0.11363371774946252,
        0.1558947363859628,
        0.17643106180493626,
        0.24650069819709472,
        0.3320065505047506,
        0.4415720166624305,
        0.5819076661024283,
        0.7604605413585289,
        1.0,
        0.7519963632347202,
        0.5803559161746281,
        0.4459752177647928,
        0.3546214231844065,
        0.28392868308301905,
        0.20806083775454234,
        0.19065287468789271,
        0.13384294646128383
      ],
      [
        0.0018136077953373082,
        -0.0037916504000716266,
        0.011924568197084208,
        0.010921725678420145,
        0.058701710075768444,
        0.10291872223827625,
        0.13456813755714836,
        0.2046832300297026,
        0.2538778024351633,
        0.3129196980520929,
        0.42144941355588594,
        0.5857711540419351,
        0.7519963632347202,
        1.0,
        0.763476123695986,
        0.5749109052111648,
        0.4361802319571345,
        0.35666113180044057,
        0.2680054129873943,
        0.236258942295467,
        0.168777304614054
      ],
      [
        0.03305576851235771,
        0.027431626262414282,
        0.037347140309077355,
        0.01805358938449804,
        0.052725262394773126,
        0.10240355822450564,
        0.12583485768749816,
        0.17384882548205371,
        0.20808705936895952,
        0.25037098710531014,
        0.3310992606366674,
        0.4614754722684919,
        0.5803559161746281,
        0.763476123695986,
        1.0,
        0.7642373659472994,
        0.5736682150819041,
        0.4522066545710637,
        0.34689414752231695,
        0.2938470284286854,
        0.23199292868127042
      ],
      [
        0.01844450919923732,
        0.02685131431512396,
        0.0366712171519182,
        0.02077713597931542,
        0.03130988903986617,
        0.06262734728977751,
        0.0812999182269499,
        0.11705105073430828,
        0.15450236216201066,
        0.19270424690901114,
        0.2530233046546347,
        0.3455830841553179,
        0.4459752177647928,
        0.5749109052111648,
        0.7642373659472994,
        1.0,
        0.7580983434617627,
        0.5956114295869069,
        0.4611452359745358,
        0.3852297277733792,
        0.2968241609715329
      ],
      [
        0.043070532356356724,
        0.05094250650287551,
        0.04693927339930706,
        0.028584352635951746,
        0.030034008276497742,
        0.06254340499539264,
        0.06794941690144303,
        0.11523129016077026,
        0.1460755769770182,
        0.18356666595137933,
        0.23132673589253655,
        0.2848746453424701,
        0.3546214231844065,
        0.4361802319571345,
        0.5736682150819041,
        0.7580983434617627,
        1.0,
        0.7539610907544017,
        0.5868085886086968,
        0.4675594583646031,
        0.3613369705793106
      ],
      [
        0.028680339047614144,
        0.03657756981850268,
        0.04189202751949877,
        0.027506517164777658,
        0.024203909730084915,
        0.04569435202110694,
        0.04394665511248353,
        0.07907941613356625,
        0.11568669678582638,
        0.15151951872623823,
        0.17945788372559388,
        0.2241196436691217,
        0.28392868308301905,
        0.35666113180044057,
        0.4522066545710637,
        0.5956114295869069,
        0.7539610907544017,
        1.0,
        0.7602705287753031,
        0.5881427627832123,
        0.4558952609068715
      ],
      [
        0.04538910310871907,
        0.048295321315907365,
        0.060401410565153496,
        0.03149031006009357,
        0.029923753976676588,
        0.04248526526847374,
        0.05277016516790803,
        0.06712117603028696,
        0.09959581953567931,
        0.11910172987506235,
        0.1257945816254284,
        0.17172508085676286,
        0.20806083775454234,
        0.2680054129873943,
        0.34689414752231695,
        0.4611452359745358,
        0.5868085886086968,
        0.7602705287753031,
        1.0,
        0.762516950173525,
        0.5715192668688044
      ],
      [
        0.010848092657707921,
        0.021946824989619574,
        0.057644124013231754,
        0.03240730060603238,
        0.02940154679746889,
        0.02749123561169891,
        0.03379222229414398,
        0.05223314745708712,
        0.061211509620333546,
        0.10333393561583759,
        0.11126370909689111,
        0.15182260702951672,
        0.19065287468789271,
        0.236258942295467,
        0.2938470284286854,
        0.3852297277733792,
        0.4675594583646031,
        0.5881427627832123,
        0.762516950173525,
        1.0,
        0.7448292718625482
      ],
      [
        0.03911509434756744,
        0.03935755738885357,
        0.06823952573094509,
        0.03968181587033456,
        0.029638758804906937,
        0.04097038312940492,
        0.02590083847164362,
        0.055317646693945,
        0.046184537812277146,
        0.07600731744964177,
        0.08360283827978136,
        0.11943076073613931,
        0.13384294646128383,
        0.168777304614054,
        0.23199292868127042,
        0.2968241609715329,
        0.3613369705793106,
        0.4558952609068715,
        0.5715192668688044,
        0.7448292718625482,
        1.0
      ]
    ]
  },
  "global_metrics": {
    "abs_exceedance_error_q95": 0.002005,
    "abs_exceedance_error_q99": 0.007444999999999999,
    "abs_quantile_error_q95_m": 0.004853295534849339,
    "abs_quantile_error_q99_m": 0.0904198294878007,
    "crps_m": 0.051016067556985026,
    "dimension_normalized_energy_score_m": 0.07105375897679318,
    "energy_score_m": 0.32018876061176155,
    "error_jensen_shannon_distance": 0.16527511670866882,
    "first_difference_jensen_shannon_distance": 0.3539164326054366,
    "generated_abs_exceedance_q95": 0.050605,
    "generated_abs_exceedance_q99": 0.00232,
    "generated_abs_q95_m": 0.2458621151745319,
    "generated_abs_q99_m": 0.36636410385370277,
    "observed_abs_exceedance_q95": 0.0486,
    "observed_abs_exceedance_q99": 0.009765,
    "observed_abs_q95_m": 0.24100881963968257,
    "observed_abs_q99_m": 0.45678393334150347,
    "predictive_mean_mae_m": 0.06416225475536605,
    "predictive_mean_rmse_m": 0.10971189363124648,
    "residual_lag_one_correlation_mae": 0.7867051295791576,
    "residual_spatial_correlation_rmse": 0.02812987102272889
  },
  "interval_metrics": {
    "0.50": {
      "global_empirical_coverage": 0.6736023119261655,
      "global_mean_width_m": 0.1297290079932798,
      "nominal_coverage": 0.5,
      "station_empirical_coverage": [
        0.6725954802948163,
        0.6762705325780187,
        0.6773466528598404,
        0.6745243751395911,
        0.6755192787963696,
        0.6750522832023715,
        0.6730624758888144,
        0.6702605023248259,
        0.6689001238553532,
        0.6694077277618729,
        0.6673163996670118,
        0.6714381433879515,
        0.6709038113996791,
        0.6751789199739753,
        0.6719056172436316,
        0.6759040355241247,
        0.675169961953471,
        0.6698453886906692,
        0.6779516881564733,
        0.6763437625350983,
        0.6845843197326278
      ],
      "station_mean_width_m": [
        0.03772704199983263,
        0.042408877538703434,
        0.04904662621340584,
        0.05690662154072431,
        0.06566062210398801,
        0.07537633145941171,
        0.08509265734333593,
        0.09390567627132207,
        0.10425783324212268,
        0.11453771486678652,
        0.12555782608690572,
        0.13754179707893419,
        0.1499463902924223,
        0.16202218140466343,
        0.17560332909705537,
        0.1902219601142046,
        0.20367010648141373,
        0.21398558493784461,
        0.22575427276314605,
        0.2360269413066524,
        0.251315029494191
      ]
    },
    "0.90": {
      "global_empirical_coverage": 0.8985564451337232,
      "global_mean_width_m": 0.3088274120652682,
      "nominal_coverage": 0.9,
      "station_empirical_coverage": [
        0.8951087287567765,
        0.8976061399768532,
        0.8988446935087613,
        0.900489330165885,
        0.9019309252604008,
        0.9028243081358754,
        0.9007938925097968,
        0.8993319932590201,
        0.8968954945077258,
        0.8968548861952041,
        0.8948447747253863,
        0.8979310064770258,
        0.8930290169959592,
        0.8996421600520494,
        0.8968198889614631,
        0.8969841498262854,
        0.8966714484708622,
        0.8955346523948535,
        0.9014916454066975,
        0.9023766546329723,
        0.9066982314440886
      ],
      "station_mean_width_m": [
        0.08984377487295762,
        0.10091062181308859,
        0.11671907402840243,
        0.13539285004877677,
        0.15657119374260156,
        0.1795885863056497,
        0.20260321471833861,
        0.22367000748811902,
        0.24847922417429022,
        0.2725115608229801,
        0.29875449073932253,
        0.3274511309304449,
        0.3566828442068986,
        0.38587366649393395,
        0.4182828519457242,
        0.452925703704373,
        0.4842532523052784,
        0.509834300268885,
        0.5368894698562712,
        0.5616125768419008,
        0.5985009383641534
      ]
    },
    "0.95": {
      "global_empirical_coverage": 0.9238931013945904,
      "global_mean_width_m": 0.3614644635179145,
      "nominal_coverage": 0.95,
      "station_empirical_coverage": [
        0.9224381230837952,
        0.922945726990315,
        0.9243264096160484,
        0.9256867880855211,
        0.9262146961483015,
        0.9265192584922134,
        0.9257883088668251,
        0.9253822257416093,
        0.9226005563338815,
        0.923128464396662,
        0.9212604820206697,
        0.924549755334917,
        0.9200966556338457,
        0.9243859791802213,
        0.9217423252775964,
        0.9219826079805933,
        0.9226179338447785,
        0.920575197318629,
        0.925601599669034,
        0.9257922182109908,
        0.9300933017685559
      ],
      "station_mean_width_m": [
        0.10507529527431594,
        0.11811851215728006,
        0.13658778260902618,
        0.15855686190032917,
        0.18326499075542496,
        0.21024140166895733,
        0.2372318625429599,
        0.26173233354096354,
        0.2907816398542562,
        0.3187772458543997,
        0.34958060275795827,
        0.3834267070196514,
        0.4174292010406314,
        0.4515958822464283,
        0.4894258216983126,
        0.5301342618855384,
        0.5667937236709644,
        0.5967442778045977,
        0.6287398641655232,
        0.6575388744019047,
        0.7002806778108477
      ]
    }
  },
  "model_name": "conditional_multivariate_gaussian",
  "observed_value_count": 1000724,
  "s_grid_m": [
    0.0,
    5.0,
    10.0,
    15.0,
    20.0,
    25.0,
    30.0,
    35.0,
    40.0,
    45.0,
    50.0,
    55.0,
    60.0,
    65.0,
    70.0,
    75.0,
    80.0,
    85.0,
    90.0,
    95.0,
    100.0
  ],
  "sample_count": 64,
  "scenario": "latent_autoregressive",
  "schema_version": "1.0.0",
  "sequence_count": 400,
  "station_metrics": {
    "crps_m": [
      0.014934104083189332,
      0.016662059306215494,
      0.019087905774110403,
      0.022184375067547238,
      0.025483309697506156,
      0.029202046690524133,
      0.033385611977722045,
      0.03697345832598667,
      0.041390057594189844,
      0.045432848602273805,
      0.04995317689540151,
      0.05401717649655944,
      0.05994061208823127,
      0.06360181446302277,
      0.06982135548983212,
      0.07545500847186468,
      0.08042376431793195,
      0.08524179998165937,
      0.08817320114578597,
      0.09153966450526085,
      0.09580095079395053
    ],
    "observation_count": [
      49251,
      49251,
      49251,
      49251,
      49251,
      49251,
      49251,
      49251,
      49251,
      49251,
      49251,
      49251,
      49247,
      49184,
      48992,
      48643,
      48099,
      46245,
      43509,
      39888,
      35905
    ],
    "predictive_mean_mae_m": [
      0.01877870803955186,
      0.020898813177843322,
      0.023977924621056437,
      0.027915442586392628,
      0.032078136145923086,
      0.03673534034258584,
      0.04203556846838397,
      0.04654974637949009,
      0.052136700670567415,
      0.05721451006086534,
      0.06297078024807609,
      0.06811604746306782,
      0.07524821888675227,
      0.07989429365903426,
      0.08770012519488603,
      0.09472123571654359,
      0.1010927918822285,
      0.10731683091283313,
      0.11089359999424277,
      0.11534784754268743,
      0.12015862676408202
    ],
    "predictive_mean_rmse_m": [
      0.02870766177264122,
      0.031977024264725394,
      0.03648606461166419,
      0.0425732829657098,
      0.04866473234722141,
      0.055967520448920234,
      0.0642212345984705,
      0.07107931827505917,
      0.07956200968368365,
      0.08740799571465928,
      0.09575450244868858,
      0.10335957109202284,
      0.11509603588989399,
      0.12229207845942677,
      0.13463873429135526,
      0.1455903750958704,
      0.15486040355887604,
      0.16405488585825662,
      0.1700466786208059,
      0.17539655367643922,
      0.18437144569147548
    ]
  }
}
