{
  "approximation_metadata": {
    "dependence_frame_count": 20000,
    "dependence_sample_count": 16,
    "energy_frame_count": 2000,
    "energy_sample_count": 32,
    "first_difference_generated_value_count": 200000,
    "first_difference_observed_value_count": 200000,
    "interval_finite_sample_reference": "uniform_order_statistic_expectation",
    "interval_quantile_method": "linear",
    "jensen_shannon_logarithm_base": "2",
    "marginal_generated_value_count": 200000,
    "marginal_observed_value_count": 200000,
    "metric_seed": 20260714
  },
  "dependence_diagnostics": {
    "generated_residual_lag_one_correlation_by_station": [
      -0.0014246563095205158,
      0.00015059659312141116,
      -0.00018318244481535908,
      -0.0007517727771809198,
      -2.5755743629344327e-05,
      0.0006839337763883237,
      0.0005937935661130736,
      0.0009151846908837346,
      0.002764039136825198,
      0.003196069259785963,
      0.0025174710526862636,
      0.0006511539304183088,
      -0.0003013882691328249,
      -0.001818803714240791,
      -0.0005357055793856421,
      -0.0004777294295359659,
      -9.63654223776512e-05,
      0.00083146073586706,
      -0.001193163669093192,
      0.0002962321738078673,
      -0.0007566691519126047
    ],
    "generated_residual_spatial_correlation": [
      [
        1.0,
        0.8177692994730366,
        0.6694344586725696,
        0.5467877064231139,
        0.44937034247612356,
        0.3668746085855007,
        0.2994573179817208,
        0.24431244276512223,
        0.200745132906042,
        0.16397470475630188,
        0.1342967737760555,
        0.11025847374829886,
        0.09039883601128239,
        0.07405596407896864,
        0.0614833928692346,
        0.05170095796965872,
        0.04188810400997464,
        0.03203119778395254,
        0.027554089800279565,
        0.02434659178147476,
        0.023325903649334248
      ],
      [
        0.8177692994730366,
        1.0,
        0.8183547073592599,
        0.6702653432026129,
        0.5500812262416735,
        0.45060860231592514,
        0.3681966188243185,
        0.29966944990670724,
        0.24698561322759127,
        0.20197449594581693,
        0.16703714504157055,
        0.1378843171093201,
        0.11237217360856758,
        0.09191457082368346,
        0.07491317838739868,
        0.06227898029300623,
        0.04921806923462542,
        0.03818883459023192,
        0.03322148027774474,
        0.027684631564324203,
        0.02473637679988891
      ],
      [
        0.6694344586725696,
        0.8183547073592599,
        1.0,
        0.8187914417946582,
        0.6721240476899615,
        0.5511548382021428,
        0.4509910575583251,
        0.36780733448650604,
        0.3041298826408407,
        0.24882178380767148,
        0.20494538963370493,
        0.16875123031988695,
        0.13879015371887346,
        0.11228398962576913,
        0.09052961158117108,
        0.0744552597203639,
        0.0586476525619836,
        0.04832219455952634,
        0.04111324939844676,
        0.03126616995835765,
        0.027635372689990917
      ],
      [
        0.5467877064231139,
        0.6702653432026129,
        0.8187914417946582,
        1.0,
        0.819738911224832,
        0.6712722436495822,
        0.5489868646412045,
        0.44876564650543077,
        0.3700705798896087,
        0.3025918107359045,
        0.2500891487288576,
        0.20497085813935748,
        0.16760176365394083,
        0.13554842998437358,
        0.1091067604664341,
        0.08913327152299937,
        0.07194808766308448,
        0.05901026848331797,
        0.04993455318330974,
        0.04059322142705634,
        0.036831677066015596
      ],
      [
        0.44937034247612356,
        0.5500812262416735,
        0.6721240476899615,
        0.819738911224832,
        1.0,
        0.8184988357828514,
        0.6704692893433799,
        0.5493623431819736,
        0.45090204807287226,
        0.3690797184151227,
        0.3031457184010723,
        0.24863577534871822,
        0.2042619727971708,
        0.16520502916559862,
        0.1344142858389337,
        0.1091708634229335,
        0.09027385861395985,
        0.07520831052733706,
        0.06307071240574987,
        0.05180286330638128,
        0.0467024376573734
      ],
      [
        0.3668746085855007,
        0.45060860231592514,
        0.5511548382021428,
        0.6712722436495822,
        0.8184988357828514,
        1.0,
        0.8177948472563477,
        0.6699797033888641,
        0.5499809876257086,
        0.45051138389584605,
        0.37035044225209796,
        0.3036526032483162,
        0.2499261466842421,
        0.20288547684457606,
        0.16510897000299618,
        0.13459348446145192,
        0.11021749586680157,
        0.09053302763229389,
        0.0764600604242305,
        0.06243422455499676,
        0.055654686391320804
      ],
      [
        0.2994573179817208,
        0.3681966188243185,
        0.4509910575583251,
        0.5489868646412045,
        0.6704692893433799,
        0.8177948472563477,
        1.0,
        0.8190560277190019,
        0.6722666758760631,
        0.5495522197120306,
        0.4517203572643611,
        0.3707340032387676,
        0.3047191034570617,
        0.24701479963421388,
        0.20201193638367684,
        0.16666855672653208,
        0.13482891275454026,
        0.10978737041466514,
        0.09291048960681898,
        0.07659355717895085,
        0.06524316436720579
      ],
      [
        0.24431244276512223,
        0.29966944990670724,
        0.36780733448650604,
        0.44876564650543077,
        0.5493623431819736,
        0.6699797033888641,
        0.8190560277190019,
        1.0,
        0.8201867380838203,
        0.6707841680598853,
        0.5509704373757434,
        0.45128487979363024,
        0.3697369838782827,
        0.3009069422979674,
        0.2447152205560608,
        0.20038398581274203,
        0.1660213530988013,
        0.1358854737784906,
        0.11419549224640986,
        0.09455279453204553,
        0.07995566035834611
      ],
      [
        0.200745132906042,
        0.24698561322759127,
        0.3041298826408407,
        0.3700705798896087,
        0.45090204807287226,
        0.5499809876257086,
        0.6722666758760631,
        0.8201867380838203,
        1.0,
        0.8187415597258024,
        0.6700255573167287,
        0.5498293409139674,
        0.4508337143752556,
        0.36838869825740767,
        0.29998692232098106,
        0.24498660929285634,
        0.20251969904135764,
        0.16573398848060045,
        0.1372404250466879,
        0.11181298921154902,
        0.09534045096333675
      ],
      [
        0.16397470475630188,
        0.20197449594581693,
        0.24882178380767148,
        0.3025918107359045,
        0.3690797184151227,
        0.45051138389584605,
        0.5495522197120306,
        0.6707841680598853,
        0.8187415597258024,
        1.0,
        0.818916199264065,
        0.670491556978059,
        0.5479394722057882,
        0.4473143647656833,
        0.36453061219046906,
        0.2970238168199477,
        0.24430311681641814,
        0.20018211077132422,
        0.16490039883368482,
        0.1337175318432303,
        0.11184350218975103
      ],
      [
        0.1342967737760555,
        0.16703714504157055,
        0.20494538963370493,
        0.2500891487288576,
        0.3031457184010723,
        0.37035044225209796,
        0.4517203572643611,
        0.5509704373757434,
        0.6700255573167287,
        0.818916199264065,
        1.0,
        0.8191118674671426,
        0.6700494287450635,
        0.54759794525323,
        0.4469041021741069,
        0.3642561456173338,
        0.29892568293844524,
        0.24415747720024672,
        0.2001629914585945,
        0.1618467021501298,
        0.13577498303771524
      ],
      [
        0.11025847374829886,
        0.1378843171093201,
        0.16875123031988695,
        0.20497085813935748,
        0.24863577534871822,
        0.3036526032483162,
        0.3707340032387676,
        0.45128487979363024,
        0.5498293409139674,
        0.670491556978059,
        0.8191118674671426,
        1.0,
        0.8177432670458958,
        0.6676058774120909,
        0.5450151284007676,
        0.44295332447249425,
        0.3631953354879604,
        0.2970426852050802,
        0.2427920451012902,
        0.19568236875545292,
        0.16119880204939338
      ],
      [
        0.09039883601128239,
        0.11237217360856758,
        0.13879015371887346,
        0.16760176365394083,
        0.2042619727971708,
        0.2499261466842421,
        0.3047191034570617,
        0.3697369838782827,
        0.4508337143752556,
        0.5479394722057882,
        0.6700494287450635,
        0.8177432670458958,
        1.0,
        0.8178314603880044,
        0.6677694393292511,
        0.5435560165524987,
        0.4459274951316495,
        0.36473426019366806,
        0.2966905033351457,
        0.24008824805605294,
        0.1993425648686778
      ],
      [
        0.07405596407896864,
        0.09191457082368346,
        0.11228398962576913,
        0.13554842998437358,
        0.16520502916559862,
        0.20288547684457606,
        0.24701479963421388,
        0.3009069422979674,
        0.36838869825740767,
        0.4473143647656833,
        0.54759794525323,
        0.6676058774120909,
        0.8178314603880044,
        1.0,
        0.8171172726898187,
        0.6666762557861874,
        0.5454778466211526,
        0.44665854784018455,
        0.3629753001425352,
        0.29586639784845453,
        0.2438747771649195
      ],
      [
        0.0614833928692346,
        0.07491317838739868,
        0.09052961158117108,
        0.1091067604664341,
        0.1344142858389337,
        0.16510897000299618,
        0.20201193638367684,
        0.2447152205560608,
        0.29998692232098106,
        0.36453061219046906,
        0.4469041021741069,
        0.5450151284007676,
        0.6677694393292511,
        0.8171172726898187,
        1.0,
        0.8172570486435139,
        0.668236151377885,
        0.5471273704052791,
        0.44524675503503414,
        0.36357984395140863,
        0.2988030821503304
      ],
      [
        0.05170095796965872,
        0.06227898029300623,
        0.0744552597203639,
        0.08913327152299937,
        0.1091708634229335,
        0.13459348446145192,
        0.16666855672653208,
        0.20038398581274203,
        0.24498660929285634,
        0.2970238168199477,
        0.3642561456173338,
        0.44295332447249425,
        0.5435560165524987,
        0.6666762557861874,
        0.8172570486435139,
        1.0,
        0.8176166132545593,
        0.6697313625970301,
        0.5469899513524012,
        0.4464503799395505,
        0.3667585783651232
      ],
      [
        0.04188810400997464,
        0.04921806923462542,
        0.0586476525619836,
        0.07194808766308448,
        0.09027385861395985,
        0.11021749586680157,
        0.13482891275454026,
        0.1660213530988013,
        0.20251969904135764,
        0.24430311681641814,
        0.29892568293844524,
        0.3631953354879604,
        0.4459274951316495,
        0.5454778466211526,
        0.668236151377885,
        0.8176166132545593,
        1.0,
        0.8196859790375577,
        0.6715502831802623,
        0.5492974804998572,
        0.450416016411023
      ],
      [
        0.03203119778395254,
        0.03818883459023192,
        0.04832219455952634,
        0.05901026848331797,
        0.07520831052733706,
        0.09053302763229389,
        0.10978737041466514,
        0.1358854737784906,
        0.16573398848060045,
        0.20018211077132422,
        0.24415747720024672,
        0.2970426852050802,
        0.36473426019366806,
        0.44665854784018455,
        0.5471273704052791,
        0.6697313625970301,
        0.8196859790375577,
        1.0,
        0.8201097148036732,
        0.6713024699521283,
        0.5493460768189565
      ],
      [
        0.027554089800279565,
        0.03322148027774474,
        0.04111324939844676,
        0.04993455318330974,
        0.06307071240574987,
        0.0764600604242305,
        0.09291048960681898,
        0.11419549224640986,
        0.1372404250466879,
        0.16490039883368482,
        0.2001629914585945,
        0.2427920451012902,
        0.2966905033351457,
        0.3629753001425352,
        0.44524675503503414,
        0.5469899513524012,
        0.6715502831802623,
        0.8201097148036732,
        1.0,
        0.8184283360126313,
        0.6714234698905213
      ],
      [
        0.02434659178147476,
        0.027684631564324203,
        0.03126616995835765,
        0.04059322142705634,
        0.05180286330638128,
        0.06243422455499676,
        0.07659355717895085,
        0.09455279453204553,
        0.11181298921154902,
        0.1337175318432303,
        0.1618467021501298,
        0.19568236875545292,
        0.24008824805605294,
        0.29586639784845453,
        0.36357984395140863,
        0.4464503799395505,
        0.5492974804998572,
        0.6713024699521283,
        0.8184283360126313,
        1.0,
        0.8204070567301746
      ],
      [
        0.023325903649334248,
        0.02473637679988891,
        0.027635372689990917,
        0.036831677066015596,
        0.0467024376573734,
        0.055654686391320804,
        0.06524316436720579,
        0.07995566035834611,
        0.09534045096333675,
        0.11184350218975103,
        0.13577498303771524,
        0.16119880204939338,
        0.1993425648686778,
        0.2438747771649195,
        0.2988030821503304,
        0.3667585783651232,
        0.450416016411023,
        0.5493460768189565,
        0.6714234698905213,
        0.8204070567301746,
        1.0
      ]
    ],
    "observed_residual_lag_one_correlation_by_station": [
      -0.0051076417621257406,
      -0.00578143904400525,
      -0.007304398397563599,
      -0.009225880165932916,
      -0.005286646589014159,
      -0.00626082617116473,
      -0.004988454715969339,
      -0.0029224437579204385,
      -0.002036559180931817,
      -0.0026438066723597233,
      -0.005863268600985142,
      -0.0061099854912643045,
      -0.003466869742678671,
      0.0026017929567381894,
      0.0023026220888050664,
      0.0004675486545283029,
      0.0021678059319000386,
      0.004732949949855728,
      0.006324456620329482,
      0.008203330005195925,
      0.0007277964951765578
    ],
    "observed_residual_spatial_correlation": [
      [
        1.0,
        0.8178273127508583,
        0.669457816957763,
        0.5464300853746643,
        0.4471668596876619,
        0.3631534975748395,
        0.29878195352635756,
        0.24676103658749415,
        0.19198669050433548,
        0.1525845198589292,
        0.12370467069598895,
        0.10339122964476444,
        0.08323253857218017,
        0.0656322300794044,
        0.053287954057583346,
        0.04334577240131754,
        0.035631457143740414,
        0.031217820048930856,
        0.027108268226388864,
        0.025615104042267394,
        0.026597541810977867
      ],
      [
        0.8178273127508583,
        1.0,
        0.815517937327885,
        0.6653745432692547,
        0.5436314969261357,
        0.4433554452498011,
        0.3675481457516228,
        0.3028641392953871,
        0.24329197299231853,
        0.19775401409831037,
        0.16381380147045718,
        0.1407419643004378,
        0.11592058181018289,
        0.09211938071533379,
        0.0688128724545503,
        0.05514744554454216,
        0.04360123162542228,
        0.03779316269452439,
        0.02842209730996655,
        0.02767230614536352,
        0.0288196986783186
      ],
      [
        0.669457816957763,
        0.815517937327885,
        1.0,
        0.8175474166730594,
        0.6680106445047798,
        0.5413362282881847,
        0.4485127569087634,
        0.3732394920687389,
        0.3031674326988511,
        0.2471055269397234,
        0.2031020562358258,
        0.17375477221608984,
        0.14183186471400058,
        0.11399110362273318,
        0.08573706487435477,
        0.07120713779071709,
        0.05399033140723358,
        0.0485643353761665,
        0.0407659734439942,
        0.034852250206801084,
        0.031480860134165685
      ],
      [
        0.5464300853746643,
        0.6653745432692547,
        0.8175474166730594,
        1.0,
        0.816363396417682,
        0.6627233612651137,
        0.5476495366155762,
        0.45217314976305306,
        0.36499338281461463,
        0.29637167243713547,
        0.2466994855356715,
        0.20745462501131834,
        0.16912345186300823,
        0.1353795204154199,
        0.10476974575357277,
        0.08653433017019312,
        0.06620392902474784,
        0.059311550605427414,
        0.04304974665331538,
        0.034484213366407425,
        0.02868191869280447
      ],
      [
        0.4471668596876619,
        0.5436314969261357,
        0.6680106445047798,
        0.816363396417682,
        1.0,
        0.8155350663881741,
        0.6692279691339184,
        0.5517445979056337,
        0.45272816593014575,
        0.374415759543701,
        0.3091699797216141,
        0.26070298942191855,
        0.2109276874015493,
        0.16574751523813777,
        0.13197102694133117,
        0.11049546021886748,
        0.08937272844874619,
        0.07679057054610831,
        0.05986717801058956,
        0.04747213732474288,
        0.03431322021130544
      ],
      [
        0.3631534975748395,
        0.4433554452498011,
        0.5413362282881847,
        0.6627233612651137,
        0.8155350663881741,
        1.0,
        0.8182855004914376,
        0.6732146691972802,
        0.5507776049158013,
        0.4523588226106029,
        0.3729859429555513,
        0.3096331078897426,
        0.25304331797097684,
        0.1993345327492412,
        0.16226914271201476,
        0.13198136099032823,
        0.11082641400389188,
        0.0904994278370057,
        0.07182400651709941,
        0.05810226696717646,
        0.04181599099756908
      ],
      [
        0.29878195352635756,
        0.3675481457516228,
        0.4485127569087634,
        0.5476495366155762,
        0.6692279691339184,
        0.8182855004914376,
        1.0,
        0.8183838910094602,
        0.6715909893678416,
        0.5488471044612739,
        0.4523608595257695,
        0.3757599695141499,
        0.30650749880901573,
        0.2446365410419359,
        0.1969316668988924,
        0.15909351969174834,
        0.1296101194632686,
        0.10455493011874174,
        0.08647154711023747,
        0.07021303708469458,
        0.056868542800130095
      ],
      [
        0.24676103658749415,
        0.3028641392953871,
        0.3732394920687389,
        0.45217314976305306,
        0.5517445979056337,
        0.6732146691972802,
        0.8183838910094602,
        1.0,
        0.8203959659279499,
        0.674665287763805,
        0.5523897136247153,
        0.45663498176963946,
        0.3733676955069958,
        0.3015437025270311,
        0.24463006660153355,
        0.20233814382575854,
        0.16675607196891917,
        0.1364592941374432,
        0.11564236415518518,
        0.09294139349027315,
        0.07772200930556086
      ],
      [
        0.19198669050433548,
        0.24329197299231853,
        0.3031674326988511,
        0.36499338281461463,
        0.45272816593014575,
        0.5507776049158013,
        0.6715909893678416,
        0.8203959659279499,
        1.0,
        0.8198515291977824,
        0.6700634303917349,
        0.552067500385753,
        0.45289944312665026,
        0.3720141764356928,
        0.3033352526125384,
        0.24964381681661427,
        0.20233132829871853,
        0.16290894210027212,
        0.138696649020028,
        0.1113780371468091,
        0.09836354080270768
      ],
      [
        0.1525845198589292,
        0.19775401409831037,
        0.2471055269397234,
        0.29637167243713547,
        0.374415759543701,
        0.4523588226106029,
        0.5488471044612739,
        0.674665287763805,
        0.8198515291977824,
        1.0,
        0.8191194692724666,
        0.6705493759522513,
        0.5490980528568881,
        0.4526556245246623,
        0.368772382090856,
        0.30684399054041805,
        0.24768259033199844,
        0.19834449962922865,
        0.16598481654353753,
        0.13599949076575407,
        0.1214411824990714
      ],
      [
        0.12370467069598895,
        0.16381380147045718,
        0.2031020562358258,
        0.2466994855356715,
        0.3091699797216141,
        0.3729859429555513,
        0.4523608595257695,
        0.5523897136247153,
        0.6700634303917349,
        0.8191194692724666,
        1.0,
        0.8182857895680216,
        0.6717087918469777,
        0.5512143390722708,
        0.44821714905913734,
        0.37166920386774654,
        0.303173696027133,
        0.2474785027563363,
        0.20674131496827436,
        0.16787072266486955,
        0.14279512958232232
      ],
      [
        0.10339122964476444,
        0.1407419643004378,
        0.17375477221608984,
        0.20745462501131834,
        0.26070298942191855,
        0.3096331078897426,
        0.3757599695141499,
        0.45663498176963946,
        0.552067500385753,
        0.6705493759522513,
        0.8182857895680216,
        1.0,
        0.8226880930174156,
        0.6738232382751234,
        0.5469321175190563,
        0.4500828329085409,
        0.37063050952245835,
        0.30313372456191456,
        0.25414601409236426,
        0.20428216957809398,
        0.1711599928271005
      ],
      [
        0.08323253857218017,
        0.11592058181018289,
        0.14183186471400058,
        0.16912345186300823,
        0.2109276874015493,
        0.25304331797097684,
        0.30650749880901573,
        0.3733676955069958,
        0.45289944312665026,
        0.5490980528568881,
        0.6717087918469777,
        0.8226880930174156,
        1.0,
        0.818962132651787,
        0.6664761927313202,
        0.5446442272432523,
        0.4500891338713576,
        0.3705092666953495,
        0.307518850656408,
        0.24671822402879007,
        0.2013865222192304
      ],
      [
        0.0656322300794044,
        0.09211938071533379,
        0.11399110362273318,
        0.1353795204154199,
        0.16574751523813777,
        0.1993345327492412,
        0.2446365410419359,
        0.3015437025270311,
        0.3720141764356928,
        0.4526556245246623,
        0.5512143390722708,
        0.6738232382751234,
        0.818962132651787,
        1.0,
        0.816982580311679,
        0.6687320350749488,
        0.549045275547118,
        0.45050601002608304,
        0.3731209322200086,
        0.3025761065763493,
        0.25054552257087026
      ],
      [
        0.053287954057583346,
        0.0688128724545503,
        0.08573706487435477,
        0.10476974575357277,
        0.13197102694133117,
        0.16226914271201476,
        0.1969316668988924,
        0.24463006660153355,
        0.3033352526125384,
        0.368772382090856,
        0.44821714905913734,
        0.5469321175190563,
        0.6664761927313202,
        0.816982580311679,
        1.0,
        0.8182684794071297,
        0.6711804998469609,
        0.5509813099610175,
        0.45669297157727756,
        0.37053274208363257,
        0.30684105610669965
      ],
      [
        0.04334577240131754,
        0.05514744554454216,
        0.07120713779071709,
        0.08653433017019312,
        0.11049546021886748,
        0.13198136099032823,
        0.15909351969174834,
        0.20233814382575854,
        0.24964381681661427,
        0.30684399054041805,
        0.37166920386774654,
        0.4500828329085409,
        0.5446442272432523,
        0.6687320350749488,
        0.8182684794071297,
        1.0,
        0.8210116336535255,
        0.6752682076990166,
        0.5566009780064717,
        0.4481149700031471,
        0.36706968363370235
      ],
      [
        0.035631457143740414,
        0.04360123162542228,
        0.05399033140723358,
        0.06620392902474784,
        0.08937272844874619,
        0.11082641400389188,
        0.1296101194632686,
        0.16675607196891917,
        0.20233132829871853,
        0.24768259033199844,
        0.303173696027133,
        0.37063050952245835,
        0.4500891338713576,
        0.549045275547118,
        0.6711804998469609,
        0.8210116336535255,
        1.0,
        0.8185731085175565,
        0.6697920411063634,
        0.5474323234429262,
        0.45094218986544893
      ],
      [
        0.031217820048930856,
        0.03779316269452439,
        0.0485643353761665,
        0.059311550605427414,
        0.07679057054610831,
        0.0904994278370057,
        0.10455493011874174,
        0.1364592941374432,
        0.16290894210027212,
        0.19834449962922865,
        0.2474785027563363,
        0.30313372456191456,
        0.3705092666953495,
        0.45050601002608304,
        0.5509813099610175,
        0.6752682076990166,
        0.8185731085175565,
        1.0,
        0.8188554214354636,
        0.6700984274451854,
        0.5491485545210002
      ],
      [
        0.027108268226388864,
        0.02842209730996655,
        0.0407659734439942,
        0.04304974665331538,
        0.05986717801058956,
        0.07182400651709941,
        0.08647154711023747,
        0.11564236415518518,
        0.138696649020028,
        0.16598481654353753,
        0.20674131496827436,
        0.25414601409236426,
        0.307518850656408,
        0.3731209322200086,
        0.45669297157727756,
        0.5566009780064717,
        0.6697920411063634,
        0.8188554214354636,
        1.0,
        0.8223123764673866,
        0.6776677730337665
      ],
      [
        0.025615104042267394,
        0.02767230614536352,
        0.034852250206801084,
        0.034484213366407425,
        0.04747213732474288,
        0.05810226696717646,
        0.07021303708469458,
        0.09294139349027315,
        0.1113780371468091,
        0.13599949076575407,
        0.16787072266486955,
        0.20428216957809398,
        0.24671822402879007,
        0.3025761065763493,
        0.37053274208363257,
        0.4481149700031471,
        0.5474323234429262,
        0.6700984274451854,
        0.8223123764673866,
        1.0,
        0.8218004444981098
      ],
      [
        0.026597541810977867,
        0.0288196986783186,
        0.031480860134165685,
        0.02868191869280447,
        0.03431322021130544,
        0.04181599099756908,
        0.056868542800130095,
        0.07772200930556086,
        0.09836354080270768,
        0.1214411824990714,
        0.14279512958232232,
        0.1711599928271005,
        0.2013865222192304,
        0.25054552257087026,
        0.30684105610669965,
        0.36706968363370235,
        0.45094218986544893,
        0.5491485545210002,
        0.6776677730337665,
        0.8218004444981098,
        1.0
      ]
    ]
  },
  "global_metrics": {
    "abs_exceedance_error_q95": 0.00035500000000000115,
    "abs_exceedance_error_q99": 0.0002649999999999996,
    "abs_quantile_error_q95_m": 0.0002524115145205452,
    "abs_quantile_error_q99_m": 0.0008424586057662609,
    "crps_m": 0.02941265750049405,
    "dimension_normalized_energy_score_m": 0.0397455549604796,
    "energy_score_m": 0.17980003157186844,
    "error_jensen_shannon_distance": 0.011535471429395273,
    "first_difference_jensen_shannon_distance": 0.01151735235888169,
    "generated_abs_exceedance_q95": 0.050745,
    "generated_abs_exceedance_q99": 0.00986,
    "generated_abs_q95_m": 0.13631321564316737,
    "generated_abs_q99_m": 0.2030185681581499,
    "observed_abs_exceedance_q95": 0.05039,
    "observed_abs_exceedance_q99": 0.010125,
    "observed_abs_q95_m": 0.13606080412864682,
    "observed_abs_q99_m": 0.20386102676391615,
    "predictive_mean_mae_m": 0.041274083032714466,
    "predictive_mean_rmse_m": 0.05934214633299721,
    "residual_lag_one_correlation_mae": 0.005098226357774255,
    "residual_spatial_correlation_rmse": 0.004840668305359721
  },
  "interval_metrics": {
    "0.50": {
      "finite_ensemble": {
        "central_rank_lower_1_based": 16,
        "central_rank_meets_nominal_coverage": true,
        "central_rank_reference_coverage": 0.5076923076923077,
        "central_rank_upper_1_based": 49,
        "empirical_minus_linear_uniform_reference": 0.0005020203760987552,
        "ensemble_sample_count": 64,
        "interpretation": "finite-ensemble diagnostic only; final calibration conclusions require a larger predictive ensemble or a separately specified rank-based interval",
        "linear_uniform_reference_coverage": 0.4846153846153846,
        "quantile_method": "linear"
      },
      "global_empirical_coverage": 0.48511740499148337,
      "global_mean_width_m": 0.06776974520926028,
      "nominal_coverage": 0.5,
      "station_empirical_coverage": [
        0.48377384416424185,
        0.48282411897833816,
        0.48205625606207564,
        0.4856126737795021,
        0.4893509537665697,
        0.48444067248625927,
        0.48640074361461366,
        0.48682508891044296,
        0.48470336243129647,
        0.48585515680569025,
        0.4822987390882638,
        0.48478419010669255,
        0.4816117038473974,
        0.4826185375318323,
        0.48720548278519,
        0.4850517986785219,
        0.48673895598855993,
        0.4892838918183364,
        0.48707949528227884,
        0.4856041825188385,
        0.4834458547123954
      ],
      "station_mean_width_m": [
        0.015811237387858407,
        0.018039262992011272,
        0.021423128363796458,
        0.025494980563540343,
        0.03013594168102089,
        0.035083613419874336,
        0.04048152064003655,
        0.04624563242986323,
        0.052214734425066,
        0.05854099667637394,
        0.06502851195172539,
        0.07171468261862353,
        0.07866346492861784,
        0.08574726767305688,
        0.09304807913905032,
        0.10063585943931827,
        0.10851457382604678,
        0.11655028877809802,
        0.12483850215808112,
        0.13293309222710875,
        0.14117160073278787
      ]
    },
    "0.90": {
      "finite_ensemble": {
        "central_rank_lower_1_based": 3,
        "central_rank_meets_nominal_coverage": true,
        "central_rank_reference_coverage": 0.9076923076923077,
        "central_rank_upper_1_based": 62,
        "empirical_minus_linear_uniform_reference": 0.0004478296458571007,
        "ensemble_sample_count": 64,
        "interpretation": "finite-ensemble diagnostic only; final calibration conclusions require a larger predictive ensemble or a separately specified rank-based interval",
        "linear_uniform_reference_coverage": 0.8723076923076922,
        "quantile_method": "linear"
      },
      "global_empirical_coverage": 0.8727555219535493,
      "global_mean_width_m": 0.1613461336910025,
      "nominal_coverage": 0.9,
      "station_empirical_coverage": [
        0.8707767539605561,
        0.8715850307145167,
        0.8712010992563853,
        0.8732622049789848,
        0.8741513094083414,
        0.8749191723246039,
        0.8750808276753961,
        0.8725751697381183,
        0.8728984804397025,
        0.876495311994827,
        0.8730197219527966,
        0.8709384093113482,
        0.8717870999030067,
        0.8696188204858725,
        0.8720142747070035,
        0.8738273921200751,
        0.8738297565893706,
        0.8731927198503147,
        0.8743808691364665,
        0.8705726418104612,
        0.8711585201188226
      ],
      "station_mean_width_m": [
        0.03764766608880995,
        0.04291839219064278,
        0.05097710599102263,
        0.06069312579635539,
        0.07180137437422722,
        0.08359489435619623,
        0.09635493420375764,
        0.11009900558625736,
        0.12443996061861995,
        0.13941940743232406,
        0.15478381690284257,
        0.17093807881072612,
        0.18727856450997252,
        0.20414678491399094,
        0.22175202920435683,
        0.23965071016593717,
        0.2581328792215978,
        0.27739278520189636,
        0.29707654420327845,
        0.3162416858906603,
        0.3360712163050993
      ]
    },
    "0.95": {
      "finite_ensemble": {
        "central_rank_lower_1_based": 1,
        "central_rank_meets_nominal_coverage": true,
        "central_rank_reference_coverage": 0.9538461538461539,
        "central_rank_upper_1_based": 63,
        "empirical_minus_linear_uniform_reference": 0.0024401659899813133,
        "ensemble_sample_count": 64,
        "interpretation": "finite-ensemble diagnostic only; final calibration conclusions require a larger predictive ensemble or a separately specified rank-based interval",
        "linear_uniform_reference_coverage": 0.9207692307692307,
        "quantile_method": "linear"
      },
      "global_empirical_coverage": 0.923209396759212,
      "global_mean_width_m": 0.18884348133248266,
      "nominal_coverage": 0.95,
      "station_empirical_coverage": [
        0.9217588102166182,
        0.9214152925961849,
        0.9224054316197866,
        0.9225670869705788,
        0.9240017782088588,
        0.9257193663110249,
        0.924365502748141,
        0.9220417070805044,
        0.922930811509861,
        0.9260224700937602,
        0.9228297769156159,
        0.9226883284836728,
        0.922930811509861,
        0.9228950240510934,
        0.9230504075591062,
        0.9233216412431683,
        0.922182671138454,
        0.9259015138629019,
        0.9245612855509985,
        0.9223877666233034,
        0.9209559816365109
      ],
      "station_mean_width_m": [
        0.044031909493227606,
        0.050225426786969035,
        0.0596526197277791,
        0.07104033198840183,
        0.08399963624633855,
        0.09783760683173258,
        0.11286175916207242,
        0.12882440079614654,
        0.1455519896028815,
        0.16317025270595376,
        0.181127827938817,
        0.20006943479417616,
        0.21916121498024446,
        0.2388787810692056,
        0.2595154626477437,
        0.28043903035960654,
        0.30207096928635957,
        0.3246459755142957,
        0.34784029222789364,
        0.3703052111610725,
        0.39357743203244855
      ]
    }
  },
  "model_name": "conditional_multivariate_gaussian",
  "observed_value_count": 1009199,
  "s_grid_m": [
    0.0,
    5.0,
    10.0,
    15.0,
    20.0,
    25.0,
    30.0,
    35.0,
    40.0,
    45.0,
    50.0,
    55.0,
    60.0,
    65.0,
    70.0,
    75.0,
    80.0,
    85.0,
    90.0,
    95.0,
    100.0
  ],
  "sample_count": 64,
  "scenario": "conditional_gaussian",
  "schema_version": "1.1.0",
  "sequence_count": 400,
  "station_metrics": {
    "crps_m": [
      0.006886947343988013,
      0.007850944861078402,
      0.009320057165343943,
      0.011059714660167521,
      0.01302006860534667,
      0.015172420556680092,
      0.01751935837494167,
      0.02007704766108057,
      0.022721516229349058,
      0.025349578996896015,
      0.028295245441874235,
      0.031219829322269552,
      0.03422902102447673,
      0.03734797533417085,
      0.04042092278790342,
      0.04366361657504537,
      0.04706333228939121,
      0.05028819333161986,
      0.053911099525195134,
      0.057691207393145816,
      0.06158798577615461
    ],
    "observation_count": [
      49488,
      49488,
      49488,
      49488,
      49488,
      49488,
      49488,
      49488,
      49488,
      49488,
      49488,
      49488,
      49488,
      49478,
      49318,
      49036,
      48601,
      47032,
      44619,
      40741,
      37030
    ],
    "predictive_mean_mae_m": [
      0.009659943633741444,
      0.01102197981443143,
      0.013081119550685773,
      0.015520876100654894,
      0.01825630501907464,
      0.021314576362801787,
      0.024572196856045912,
      0.028160766531580693,
      0.031880275231180574,
      0.03557269227350415,
      0.03974220683930935,
      0.04379800906326625,
      0.048073233931616145,
      0.052399930007272603,
      0.05674194334663679,
      0.061306818799947024,
      0.0659865906124379,
      0.07049335858636724,
      0.07565769095305,
      0.08089740945919542,
      0.08652755426876575
    ],
    "predictive_mean_rmse_m": [
      0.012114046678565431,
      0.013807439833719943,
      0.01638466568299546,
      0.0194549287853229,
      0.022892305591675596,
      0.026665895837520822,
      0.03082626843617632,
      0.03532987354625904,
      0.0399774685944544,
      0.04458859732883499,
      0.049759189755058705,
      0.05488018586684827,
      0.06015638379581242,
      0.06567870646232891,
      0.07109461768055696,
      0.07683795093489737,
      0.08280630829409863,
      0.08847096174444094,
      0.09479995831674652,
      0.10136447677787888,
      0.10824865284288174
    ]
  }
}
