{
  "architecture": {
    "condition_size": 6,
    "context_hidden_size": 12,
    "context_layers": 2,
    "dense_hidden_size": 12,
    "discriminator_hidden_size": 12,
    "discriminator_layers": 2,
    "latent_size": 8,
    "noise_hidden_size": 12,
    "noise_layers": 1,
    "target_mask_input": "enabled_leem_adaptation",
    "target_size": 21
  },
  "common_evaluation": {
    "approximation_metadata": {
      "dependence_frame_count": 275,
      "dependence_sample_count": 4,
      "energy_frame_count": 100,
      "energy_sample_count": 8,
      "first_difference_generated_value_count": 10000,
      "first_difference_observed_value_count": 5457,
      "interval_finite_sample_reference": "uniform_order_statistic_expectation",
      "interval_quantile_method": "linear",
      "jensen_shannon_logarithm_base": "2",
      "marginal_generated_value_count": 10000,
      "marginal_observed_value_count": 5547,
      "metric_seed": 20260714
    },
    "dependence_diagnostics": {
      "generated_residual_lag_one_correlation_by_station": [
        0.5308444161549553,
        0.5564222678393584,
        0.44278361625572116,
        0.5216960305725559,
        0.4143269765080132,
        0.541858251619906,
        0.5345268416002422,
        0.46198318777025765,
        0.507276037317415,
        0.487648613342742,
        0.38120924355994956,
        0.49103947682014737,
        0.5323907042261103,
        0.5119781025721969,
        0.5071658139015386,
        0.5069066087035603,
        0.44462168756009945,
        0.5339997792329821,
        0.5152285008085995,
        0.4994631719540482,
        0.539002894503239
      ],
      "generated_residual_spatial_correlation": [
        [
          1.0,
          0.7802700135914012,
          0.019352702725553235,
          -0.513218009341712,
          0.45285800672121634,
          -0.09390980477083477,
          0.7600366329548789,
          -0.5631490800528238,
          0.08054287001707756,
          0.255896750615231,
          0.17319830652399404,
          -0.19492456768971073,
          -0.8358608808391923,
          0.632448800710705,
          -0.19336673085580566,
          0.14769429908382364,
          -0.4372543351948448,
          0.10940608798559429,
          0.41824279393779734,
          0.14047446126189753,
          0.3157954487414157
        ],
        [
          0.7802700135914012,
          1.0,
          -0.321573679646361,
          -0.7828718647036104,
          0.4790157844690551,
          0.2959348155387467,
          0.5816376556617282,
          -0.10364696200645018,
          0.5031180040656991,
          -0.1782342783915832,
          0.20659951264135984,
          -0.6669903448596713,
          -0.9192620761127279,
          0.5147225488690076,
          -0.3940254278131461,
          0.30480841488312266,
          -0.043109787983868886,
          0.5950844449490377,
          0.42024698881305217,
          0.09958250028260493,
          0.16562404007566905
        ],
        [
          0.019352702725553235,
          -0.321573679646361,
          1.0,
          0.41105939588598606,
          -0.021727169467021242,
          -0.5327722849906633,
          0.1875951477367011,
          -0.5016373616730461,
          -0.7828854743633923,
          0.6896849261908966,
          0.015399773009985355,
          0.6315564833273754,
          0.3300945479783847,
          0.33051957604045085,
          0.31187045166842725,
          -0.1289852569518182,
          -0.7423171644512361,
          -0.5650717242677524,
          -0.03402923289607141,
          0.5839576253077641,
          0.0514949640784126
        ],
        [
          -0.513218009341712,
          -0.7828718647036104,
          0.41105939588598606,
          1.0,
          -0.6083063073434875,
          -0.4016518338061099,
          -0.4684182778260078,
          -0.14873764413807092,
          -0.4010691874217397,
          0.1398542984200092,
          0.017479833548526058,
          0.7633932819516676,
          0.7813274070407531,
          -0.24554198495754723,
          0.03189579620167669,
          -0.6655423158586949,
          0.09499059513686403,
          -0.51554778316458,
          -0.15106058899623903,
          0.07375174245535118,
          0.21698749942300852
        ],
        [
          0.45285800672121634,
          0.4790157844690551,
          -0.021727169467021242,
          -0.6083063073434875,
          1.0,
          0.22453298212103856,
          0.42610025207795643,
          -0.299041478416826,
          0.12234721155458797,
          0.16881957829758606,
          -0.23160479712008278,
          -0.5045302690852957,
          -0.642997247175705,
          0.22923778667842687,
          -0.01936939735135344,
          0.5241250455388453,
          -0.41651394636518274,
          0.21780196974816116,
          -0.2527526456634705,
          -0.1981489978426465,
          -0.21233313189325162
        ],
        [
          -0.09390980477083477,
          0.2959348155387467,
          -0.5327722849906633,
          -0.4016518338061099,
          0.22453298212103856,
          1.0,
          -0.4390665160076231,
          0.22357245680113602,
          0.81104768424721,
          -0.729987208771516,
          -0.11495767240438062,
          -0.6282384408144902,
          -0.2736842545343392,
          -0.4111735235106366,
          -0.4005520124549878,
          -0.10158902496361483,
          0.43761788369406524,
          0.8056864032576854,
          -0.3478137627302798,
          -0.20587295071772047,
          -0.0356356710748102
        ],
        [
          0.7600366329548789,
          0.5816376556617282,
          0.1875951477367011,
          -0.4684182778260078,
          0.42610025207795643,
          -0.4390665160076231,
          1.0,
          -0.27748881584437024,
          -0.3290945392048658,
          0.5715270031301196,
          0.18010550135076347,
          -0.17654520437303206,
          -0.6428364280865428,
          0.6507779018010331,
          0.18845650182803428,
          0.5215691222198735,
          -0.570191423525607,
          -0.15290550369274897,
          0.3425934601231847,
          0.32054402920562414,
          -0.09963043384314128
        ],
        [
          -0.5631490800528238,
          -0.10364696200645018,
          -0.5016373616730461,
          -0.14873764413807092,
          -0.299041478416826,
          0.22357245680113602,
          -0.27748881584437024,
          1.0,
          0.20631705295228883,
          -0.2976612561025434,
          0.14489930157177677,
          -0.3687910572885869,
          0.2748908693624945,
          -0.3541239796303608,
          0.2762706622275612,
          0.3949520890739101,
          0.5811698447769494,
          0.2123568912368312,
          -0.19613497613991904,
          -0.02831450341812862,
          -0.5126775025669201
        ],
        [
          0.08054287001707756,
          0.5031180040656991,
          -0.7828854743633923,
          -0.4010691874217397,
          0.12234721155458797,
          0.81104768424721,
          -0.3290945392048658,
          0.20631705295228883,
          1.0,
          -0.8896698548197323,
          0.009776435148103018,
          -0.6778073006994927,
          -0.4439653610766482,
          -0.18922007080056136,
          -0.6663135800973092,
          -0.1646212410198388,
          0.6646710690254867,
          0.8347353803732984,
          0.06243727424486386,
          -0.39979164024450353,
          0.19991137725609323
        ],
        [
          0.255896750615231,
          -0.1782342783915832,
          0.6896849261908966,
          0.1398542984200092,
          0.16881957829758606,
          -0.729987208771516,
          0.5715270031301196,
          -0.2976612561025434,
          -0.8896698548197323,
          1.0,
          0.1575925941043779,
          0.4837852482996367,
          0.09338078855753047,
          0.2917776796341351,
          0.6667405208198173,
          0.342508383877068,
          -0.8053195228322758,
          -0.6961599671280921,
          -0.054767097506303014,
          0.4284439904667098,
          -0.1343548812612061
        ],
        [
          0.17319830652399404,
          0.20659951264135984,
          0.015399773009985355,
          0.017479833548526058,
          -0.23160479712008278,
          -0.11495767240438062,
          0.18010550135076347,
          0.14489930157177677,
          0.009776435148103018,
          0.1575925941043779,
          1.0,
          0.015554086028282224,
          -0.1509589581482054,
          0.2915817216585823,
          0.1614753270484514,
          0.1446318582361958,
          -1.584476874669195e-05,
          0.006276123452047991,
          0.13122790370461535,
          0.5327779496293704,
          -0.020557858199964453
        ],
        [
          -0.19492456768971073,
          -0.6669903448596713,
          0.6315564833273754,
          0.7633932819516676,
          -0.5045302690852957,
          -0.6282384408144902,
          -0.17654520437303206,
          -0.3687910572885869,
          -0.6778073006994927,
          0.4837852482996367,
          0.015554086028282224,
          1.0,
          0.6742486610628641,
          -0.04809533474914858,
          0.26100991484170377,
          -0.4830193265386304,
          -0.2951227877965236,
          -0.790041494404479,
          0.09573971946837471,
          0.12106858979625625,
          0.3104515117884451
        ],
        [
          -0.8358608808391923,
          -0.9192620761127279,
          0.3300945479783847,
          0.7813274070407531,
          -0.642997247175705,
          -0.2736842545343392,
          -0.6428364280865428,
          0.2748908693624945,
          -0.4439653610766482,
          0.09338078855753047,
          -0.1509589581482054,
          0.6742486610628641,
          1.0,
          -0.48660956361273633,
          0.33293444711072717,
          -0.3571967238063495,
          0.15545619310907743,
          -0.5125193870325438,
          -0.2701985131133396,
          0.002390472943836759,
          -0.07399983160807978
        ],
        [
          0.632448800710705,
          0.5147225488690076,
          0.33051957604045085,
          -0.24554198495754723,
          0.22923778667842687,
          -0.4111735235106366,
          0.6507779018010331,
          -0.3541239796303608,
          -0.18922007080056136,
          0.2917776796341351,
          0.2915817216585823,
          -0.04809533474914858,
          -0.48660956361273633,
          1.0,
          -0.030370662970747014,
          0.2534637901012484,
          -0.40601987850382343,
          -0.19978582416017096,
          0.3680581478658269,
          0.3967404706927752,
          -0.09003888521558609
        ],
        [
          -0.19336673085580566,
          -0.3940254278131461,
          0.31187045166842725,
          0.03189579620167669,
          -0.01936939735135344,
          -0.4005520124549878,
          0.18845650182803428,
          0.2762706622275612,
          -0.6663135800973092,
          0.6667405208198173,
          0.1614753270484514,
          0.26100991484170377,
          0.33293444711072717,
          -0.030370662970747014,
          1.0,
          0.5811515538426634,
          -0.5041995958038435,
          -0.6460841480347377,
          -0.47129947603492683,
          0.242340625121417,
          -0.6035690834513244
        ],
        [
          0.14769429908382364,
          0.30480841488312266,
          -0.1289852569518182,
          -0.6655423158586949,
          0.5241250455388453,
          -0.10158902496361483,
          0.5215691222198735,
          0.3949520890739101,
          -0.1646212410198388,
          0.342508383877068,
          0.1446318582361958,
          -0.4830193265386304,
          -0.3571967238063495,
          0.2534637901012484,
          0.5811515538426634,
          1.0,
          -0.2986758955220892,
          -0.050164023123523034,
          -0.17535703075616588,
          0.06723950719429371,
          -0.6896961900665478
        ],
        [
          -0.4372543351948448,
          -0.043109787983868886,
          -0.7423171644512361,
          0.09499059513686403,
          -0.41651394636518274,
          0.43761788369406524,
          -0.570191423525607,
          0.5811698447769494,
          0.6646710690254867,
          -0.8053195228322758,
          -1.584476874669195e-05,
          -0.2951227877965236,
          0.15545619310907743,
          -0.40601987850382343,
          -0.5041995958038435,
          -0.2986758955220892,
          1.0,
          0.4759705608440894,
          0.09335121846426175,
          -0.3831461454273359,
          0.03379977174351207
        ],
        [
          0.10940608798559429,
          0.5950844449490377,
          -0.5650717242677524,
          -0.51554778316458,
          0.21780196974816116,
          0.8056864032576854,
          -0.15290550369274897,
          0.2123568912368312,
          0.8347353803732984,
          -0.6961599671280921,
          0.006276123452047991,
          -0.790041494404479,
          -0.5125193870325438,
          -0.19978582416017096,
          -0.6460841480347377,
          -0.050164023123523034,
          0.4759705608440894,
          1.0,
          0.10092384347257344,
          -0.05012500282620305,
          0.1789118990934271
        ],
        [
          0.41824279393779734,
          0.42024698881305217,
          -0.03402923289607141,
          -0.15106058899623903,
          -0.2527526456634705,
          -0.3478137627302798,
          0.3425934601231847,
          -0.19613497613991904,
          0.06243727424486386,
          -0.054767097506303014,
          0.13122790370461535,
          0.09573971946837471,
          -0.2701985131133396,
          0.3680581478658269,
          -0.47129947603492683,
          -0.17535703075616588,
          0.09335121846426175,
          0.10092384347257344,
          1.0,
          0.04971586830577627,
          0.616429729532672
        ],
        [
          0.14047446126189753,
          0.09958250028260493,
          0.5839576253077641,
          0.07375174245535118,
          -0.1981489978426465,
          -0.20587295071772047,
          0.32054402920562414,
          -0.02831450341812862,
          -0.39979164024450353,
          0.4284439904667098,
          0.5327779496293704,
          0.12106858979625625,
          0.002390472943836759,
          0.3967404706927752,
          0.242340625121417,
          0.06723950719429371,
          -0.3831461454273359,
          -0.05012500282620305,
          0.04971586830577627,
          1.0,
          -0.10923642953718293
        ],
        [
          0.3157954487414157,
          0.16562404007566905,
          0.0514949640784126,
          0.21698749942300852,
          -0.21233313189325162,
          -0.0356356710748102,
          -0.09963043384314128,
          -0.5126775025669201,
          0.19991137725609323,
          -0.1343548812612061,
          -0.020557858199964453,
          0.3104515117884451,
          -0.07399983160807978,
          -0.09003888521558609,
          -0.6035690834513244,
          -0.6896961900665478,
          0.03379977174351207,
          0.1789118990934271,
          0.616429729532672,
          -0.10923642953718293,
          1.0
        ]
      ],
      "observed_residual_lag_one_correlation_by_station": [
        0.7135060516324443,
        0.7212113647815612,
        0.7516802677893907,
        0.7192378631009091,
        0.7686593832420551,
        0.7865907047279397,
        0.7530147184495292,
        0.7313546357323694,
        0.7286413554538382,
        0.8359227324742521,
        0.8129588159016723,
        0.7510279004508668,
        0.7703157086705029,
        0.7681112029624266,
        0.7276887770005784,
        0.8061567993278788,
        0.8925089759043197,
        0.862176531450077,
        0.8645281826914364,
        0.8175364892618848,
        0.762273774676499
      ],
      "observed_residual_spatial_correlation": [
        [
          1.0,
          0.7604859884316617,
          0.6231121667463511,
          0.48438767538288374,
          0.6129321849572608,
          0.45116453966108666,
          0.448716586647493,
          0.22850070364007932,
          0.07948875272810847,
          0.2817844330361429,
          0.5200717985391686,
          0.3303239580976561,
          0.38498434035851736,
          0.26231524997633904,
          0.28188034723142597,
          -0.06370725286886329,
          0.025212035019763185,
          0.20576158520567278,
          0.30170077996373906,
          0.11298196814828347,
          0.13326577335584347
        ],
        [
          0.7604859884316617,
          1.0,
          0.7241813687026603,
          0.709482701409207,
          0.6234065712705055,
          0.5763760429554317,
          0.3775386716042344,
          0.21219605084066057,
          0.08921589825904339,
          0.21195721046838492,
          0.30827770119898773,
          0.43152674851737755,
          0.35392577976749795,
          0.19538347897677527,
          0.13046864184321916,
          0.04320018053772132,
          0.22238851520031797,
          0.3776803871338459,
          0.44703206585661426,
          0.33045038164721696,
          0.2893942211034049
        ],
        [
          0.6231121667463511,
          0.7241813687026603,
          1.0,
          0.7429753466315516,
          0.7013634047243283,
          0.45092911769484934,
          0.4493733532232666,
          0.1252961980495715,
          0.015263286537665767,
          0.26863090149335445,
          0.21950796532691108,
          0.49656568292067954,
          0.4964096163340763,
          0.4325580309421713,
          0.12923529620224722,
          0.054026015100242256,
          0.10873224790815873,
          0.22265056406809255,
          0.3866079940161356,
          0.3341187701775447,
          0.3365224752511934
        ],
        [
          0.48438767538288374,
          0.709482701409207,
          0.7429753466315516,
          1.0,
          0.6231591765232067,
          0.6503909008466431,
          0.5194493918008116,
          0.13827824301533534,
          0.11271841428393109,
          0.11742641012387589,
          0.1325830713931672,
          0.43299401233194607,
          0.30084085092061175,
          0.13786130101504732,
          -0.017636350005684982,
          -0.06328893249677918,
          0.17451965794499688,
          0.3015519916636849,
          0.3687172665286506,
          0.49476576184511284,
          0.5046595950334002
        ],
        [
          0.6129321849572608,
          0.6234065712705055,
          0.7013634047243283,
          0.6231591765232067,
          1.0,
          0.6166459825841089,
          0.5592998662261796,
          0.3650020182468186,
          0.1630449709871243,
          0.4543327991932159,
          0.4102840782363005,
          0.35592919470827006,
          0.3755528579854059,
          0.24012908230713942,
          0.16841179646470283,
          -0.00937050753596866,
          0.10959944748569905,
          0.2609951669785787,
          0.5110541583128688,
          0.45282236148636895,
          0.39055266069547634
        ],
        [
          0.45116453966108666,
          0.5763760429554317,
          0.45092911769484934,
          0.6503909008466431,
          0.6166459825841089,
          1.0,
          0.5728883118512005,
          0.415610462126491,
          0.29969594435665914,
          0.22269391773551542,
          0.4396390613417852,
          0.4226845033963259,
          0.4285013020513826,
          0.10872818741136582,
          0.11584655873380142,
          -0.2322929828249775,
          0.003112457915422228,
          0.25523199641560423,
          0.26723601301176086,
          0.4604210343972425,
          0.4485616488855068
        ],
        [
          0.448716586647493,
          0.3775386716042344,
          0.4493733532232666,
          0.5194493918008116,
          0.5592998662261796,
          0.5728883118512005,
          1.0,
          0.4967210468077502,
          0.3563773641993671,
          0.4295280103125583,
          0.44572047099200757,
          0.25888783143081234,
          0.2617651979208183,
          0.23276869807143513,
          0.23943722938975043,
          -0.033682517742550565,
          0.12205092227816808,
          0.28129429326611066,
          0.40502983758652517,
          0.43337176875932343,
          0.3082333805495587
        ],
        [
          0.22850070364007932,
          0.21219605084066057,
          0.1252961980495715,
          0.13827824301533534,
          0.3650020182468186,
          0.415610462126491,
          0.4967210468077502,
          1.0,
          0.7999701035221659,
          0.5739893737973789,
          0.5807192503763277,
          0.11440671119186391,
          0.11930162685844622,
          -0.08032536384969197,
          0.16472583234357566,
          0.1882472820915711,
          0.07054915971247083,
          0.14393738657343644,
          0.19853201768557832,
          0.09724143546405928,
          0.053202596737695264
        ],
        [
          0.07948875272810847,
          0.08921589825904339,
          0.015263286537665767,
          0.11271841428393109,
          0.1630449709871243,
          0.29969594435665914,
          0.3563773641993671,
          0.7999701035221659,
          1.0,
          0.6710942122291801,
          0.5608798711992525,
          0.22676018364278042,
          0.058666759360345676,
          -0.09886630959502243,
          0.10197934021333112,
          0.3390389435530822,
          0.2904046778839559,
          0.3039453404383341,
          0.2281931849843356,
          0.12722027296442237,
          -0.11555970025496502
        ],
        [
          0.2817844330361429,
          0.21195721046838492,
          0.26863090149335445,
          0.11742641012387589,
          0.4543327991932159,
          0.22269391773551542,
          0.4295280103125583,
          0.5739893737973789,
          0.6710942122291801,
          1.0,
          0.6811983597807937,
          0.4655213939771082,
          0.2714316680403524,
          0.17665517334068195,
          0.0800169672698236,
          0.35628698073565573,
          0.3586981800986274,
          0.38728639628116973,
          0.5086069598106767,
          0.20764873827765812,
          -0.05630670727763953
        ],
        [
          0.5200717985391686,
          0.30827770119898773,
          0.21950796532691108,
          0.1325830713931672,
          0.4102840782363005,
          0.4396390613417852,
          0.44572047099200757,
          0.5807192503763277,
          0.5608798711992525,
          0.6811983597807937,
          1.0,
          0.4915616289761,
          0.4377384846774299,
          0.17108301537893802,
          0.29921984975502286,
          0.0442670312917321,
          0.034898568215533034,
          0.2144385135392431,
          0.2793544263684354,
          0.09130363404718791,
          0.0177643255732884
        ],
        [
          0.3303239580976561,
          0.43152674851737755,
          0.49656568292067954,
          0.43299401233194607,
          0.35592919470827006,
          0.4226845033963259,
          0.25888783143081234,
          0.11440671119186391,
          0.22676018364278042,
          0.4655213939771082,
          0.4915616289761,
          1.0,
          0.7502271296779727,
          0.5826343910456784,
          0.1572302531489846,
          0.17847961222806766,
          0.3246678819641557,
          0.4766170484004586,
          0.47184916222664014,
          0.30908629457211106,
          0.19219626366430614
        ],
        [
          0.38498434035851736,
          0.35392577976749795,
          0.4964096163340763,
          0.30084085092061175,
          0.3755528579854059,
          0.4285013020513826,
          0.2617651979208183,
          0.11930162685844622,
          0.058666759360345676,
          0.2714316680403524,
          0.4377384846774299,
          0.7502271296779727,
          1.0,
          0.7517126379728344,
          0.4216874093425083,
          -0.006722504428622925,
          0.048327025116421944,
          0.2717094507405866,
          0.22069197831812337,
          0.10967110540760491,
          0.1353530709699446
        ],
        [
          0.26231524997633904,
          0.19538347897677527,
          0.4325580309421713,
          0.13786130101504732,
          0.24012908230713942,
          0.10872818741136582,
          0.23276869807143513,
          -0.08032536384969197,
          -0.09886630959502243,
          0.17665517334068195,
          0.17108301537893802,
          0.5826343910456784,
          0.7517126379728344,
          1.0,
          0.6202247193395659,
          0.21228111777796482,
          0.21614979048895214,
          0.31121834722576314,
          0.2666891801674433,
          0.09881689776539292,
          0.003973337282179195
        ],
        [
          0.28188034723142597,
          0.13046864184321916,
          0.12923529620224722,
          -0.017636350005684982,
          0.16841179646470283,
          0.11584655873380142,
          0.23943722938975043,
          0.16472583234357566,
          0.10197934021333112,
          0.0800169672698236,
          0.29921984975502286,
          0.1572302531489846,
          0.4216874093425083,
          0.6202247193395659,
          1.0,
          0.28452112987232814,
          0.12007257716110177,
          0.17949521506949612,
          0.001600474173869823,
          -0.06550031517918223,
          -0.12318416601695735
        ],
        [
          -0.06370725286886329,
          0.04320018053772132,
          0.054026015100242256,
          -0.06328893249677918,
          -0.00937050753596866,
          -0.2322929828249775,
          -0.033682517742550565,
          0.1882472820915711,
          0.3390389435530822,
          0.35628698073565573,
          0.0442670312917321,
          0.17847961222806766,
          -0.006722504428622925,
          0.21228111777796482,
          0.28452112987232814,
          1.0,
          0.6982369460045872,
          0.5303803775756987,
          0.3017327628920795,
          -0.06460300672269377,
          -0.37770687676544495
        ],
        [
          0.025212035019763185,
          0.22238851520031797,
          0.10873224790815873,
          0.17451965794499688,
          0.10959944748569905,
          0.003112457915422228,
          0.12205092227816808,
          0.07054915971247083,
          0.2904046778839559,
          0.3586981800986274,
          0.034898568215533034,
          0.3246678819641557,
          0.048327025116421944,
          0.21614979048895214,
          0.12007257716110177,
          0.6982369460045872,
          1.0,
          0.8913929138955279,
          0.6568667172536302,
          0.3247092584987788,
          -0.14933271375878765
        ],
        [
          0.20576158520567278,
          0.3776803871338459,
          0.22265056406809255,
          0.3015519916636849,
          0.2609951669785787,
          0.25523199641560423,
          0.28129429326611066,
          0.14393738657343644,
          0.3039453404383341,
          0.38728639628116973,
          0.2144385135392431,
          0.4766170484004586,
          0.2717094507405866,
          0.31121834722576314,
          0.17949521506949612,
          0.5303803775756987,
          0.8913929138955279,
          1.0,
          0.7811472126553305,
          0.448617925182233,
          -0.006353417561862597
        ],
        [
          0.30170077996373906,
          0.44703206585661426,
          0.3866079940161356,
          0.3687172665286506,
          0.5110541583128688,
          0.26723601301176086,
          0.40502983758652517,
          0.19853201768557832,
          0.2281931849843356,
          0.5086069598106767,
          0.2793544263684354,
          0.47184916222664014,
          0.22069197831812337,
          0.2666891801674433,
          0.001600474173869823,
          0.3017327628920795,
          0.6568667172536302,
          0.7811472126553305,
          1.0,
          0.6897040790592993,
          0.30723451866881923
        ],
        [
          0.11298196814828347,
          0.33045038164721696,
          0.3341187701775447,
          0.49476576184511284,
          0.45282236148636895,
          0.4604210343972425,
          0.43337176875932343,
          0.09724143546405928,
          0.12722027296442237,
          0.20764873827765812,
          0.09130363404718791,
          0.30908629457211106,
          0.10967110540760491,
          0.09881689776539292,
          -0.06550031517918223,
          -0.06460300672269377,
          0.3247092584987788,
          0.448617925182233,
          0.6897040790592993,
          1.0,
          0.7525526925309507
        ],
        [
          0.13326577335584347,
          0.2893942211034049,
          0.3365224752511934,
          0.5046595950334002,
          0.39055266069547634,
          0.4485616488855068,
          0.3082333805495587,
          0.053202596737695264,
          -0.11555970025496502,
          -0.05630670727763953,
          0.0177643255732884,
          0.19219626366430614,
          0.1353530709699446,
          0.003973337282179195,
          -0.12318416601695735,
          -0.37770687676544495,
          -0.14933271375878765,
          -0.006353417561862597,
          0.30723451866881923,
          0.7525526925309507,
          1.0
        ]
      ]
    },
    "global_metrics": {
      "abs_exceedance_error_q95": 0.03695691364701641,
      "abs_exceedance_error_q99": 0.007932215612042546,
      "abs_quantile_error_q95_m": 0.1267678018659354,
      "abs_quantile_error_q99_m": 0.31568790748715325,
      "crps_m": 0.06904063317095147,
      "dimension_normalized_energy_score_m": 0.08392742350154736,
      "energy_score_m": 0.38015144232334985,
      "error_jensen_shannon_distance": 0.3508969110413715,
      "first_difference_jensen_shannon_distance": 0.5957123523252028,
      "generated_abs_exceedance_q95": 0.0,
      "generated_abs_exceedance_q99": 0.0,
      "generated_abs_q95_m": 0.10528366900980463,
      "generated_abs_q99_m": 0.1494048200547697,
      "observed_abs_exceedance_q95": 0.03695691364701641,
      "observed_abs_exceedance_q99": 0.007932215612042546,
      "observed_abs_q95_m": 0.23205147087574002,
      "observed_abs_q99_m": 0.46509272754192293,
      "predictive_mean_mae_m": 0.0705124347507657,
      "predictive_mean_rmse_m": 0.12124532253057826,
      "residual_lag_one_correlation_mae": 0.28013000061232346,
      "residual_spatial_correlation_rmse": 0.5487098818350324
    },
    "interval_metrics": {
      "0.50": {
        "finite_ensemble": {
          "central_rank_lower_1_based": 2,
          "central_rank_meets_nominal_coverage": true,
          "central_rank_reference_coverage": 0.5555555555555556,
          "central_rank_upper_1_based": 7,
          "empirical_minus_linear_uniform_reference": -0.3705005708791539,
          "ensemble_sample_count": 8,
          "interpretation": "finite-ensemble diagnostic only; final calibration conclusions require a larger predictive ensemble or a separately specified rank-based interval",
          "linear_uniform_reference_coverage": 0.3888888888888889,
          "quantile_method": "linear"
        },
        "global_empirical_coverage": 0.01838831800973499,
        "global_mean_width_m": 0.0035152143207953417,
        "nominal_coverage": 0.5,
        "station_empirical_coverage": [
          0.025454545454545455,
          0.01090909090909091,
          0.007272727272727273,
          0.03272727272727273,
          0.02181818181818182,
          0.0036363636363636364,
          0.02181818181818182,
          0.014545454545454545,
          0.03636363636363636,
          0.025454545454545455,
          0.01090909090909091,
          0.02909090909090909,
          0.02909090909090909,
          0.007272727272727273,
          0.025454545454545455,
          0.014545454545454545,
          0.02181818181818182,
          0.0040650406504065045,
          0.013452914798206279,
          0.019138755980861243,
          0.005154639175257732
        ],
        "station_mean_width_m": [
          0.0007263535894294778,
          0.0008480880592568693,
          0.0010214133988219228,
          0.0015777648951519618,
          0.0010268660674972291,
          0.0021928023572333833,
          0.002332364326893267,
          0.0018077857835768637,
          0.004871854568535293,
          0.0030309375701472164,
          0.001963440572673624,
          0.0036059294708750463,
          0.007556427859658883,
          0.0028474171650172634,
          0.00587842936034907,
          0.004804292046888308,
          0.0054822702942924064,
          0.005722129444886998,
          0.005867348131911637,
          0.005367782160764533,
          0.007618528905987125
        ]
      },
      "0.90": {
        "finite_ensemble": {
          "central_rank_lower_1_based": 1,
          "central_rank_meets_nominal_coverage": false,
          "central_rank_reference_coverage": 0.7777777777777778,
          "central_rank_upper_1_based": 8,
          "empirical_minus_linear_uniform_reference": -0.6579953127816838,
          "ensemble_sample_count": 8,
          "interpretation": "finite-ensemble diagnostic only; final calibration conclusions require a larger predictive ensemble or a separately specified rank-based interval",
          "linear_uniform_reference_coverage": 0.7,
          "quantile_method": "linear"
        },
        "global_empirical_coverage": 0.042004687218316204,
        "global_mean_width_m": 0.007561390682925875,
        "nominal_coverage": 0.9,
        "station_empirical_coverage": [
          0.05818181818181818,
          0.04363636363636364,
          0.03272727272727273,
          0.05454545454545454,
          0.025454545454545455,
          0.007272727272727273,
          0.06181818181818182,
          0.02909090909090909,
          0.08727272727272728,
          0.04,
          0.02181818181818182,
          0.04727272727272727,
          0.10545454545454545,
          0.02909090909090909,
          0.05454545454545454,
          0.02909090909090909,
          0.04727272727272727,
          0.02032520325203252,
          0.03587443946188341,
          0.019138755980861243,
          0.015463917525773196
        ],
        "station_mean_width_m": [
          0.0015787087103923446,
          0.001890223663469607,
          0.0022465113938616756,
          0.0033480187326839013,
          0.0022468586286783893,
          0.004629677392203699,
          0.005078018448823555,
          0.0039224185793745245,
          0.010223024556328624,
          0.006506784971041436,
          0.004400031852789899,
          0.007873066285117107,
          0.016627018288836223,
          0.00633264326448129,
          0.0124457167383622,
          0.00991980406777425,
          0.011578074901280076,
          0.012020310720928556,
          0.01290650959941036,
          0.011424862542612987,
          0.016686982670126808
        ]
      },
      "0.95": {
        "finite_ensemble": {
          "central_rank_lower_1_based": 1,
          "central_rank_meets_nominal_coverage": false,
          "central_rank_reference_coverage": 0.7777777777777778,
          "central_rank_upper_1_based": 8,
          "empirical_minus_linear_uniform_reference": -0.6921969833543657,
          "ensemble_sample_count": 8,
          "interpretation": "finite-ensemble diagnostic only; final calibration conclusions require a larger predictive ensemble or a separately specified rank-based interval",
          "linear_uniform_reference_coverage": 0.7388888888888889,
          "quantile_method": "linear"
        },
        "global_empirical_coverage": 0.04669190553452317,
        "global_mean_width_m": 0.008175276230523568,
        "nominal_coverage": 0.95,
        "station_empirical_coverage": [
          0.05818181818181818,
          0.05090909090909091,
          0.03272727272727273,
          0.05818181818181818,
          0.03636363636363636,
          0.01818181818181818,
          0.07272727272727272,
          0.03272727272727273,
          0.08727272727272728,
          0.04727272727272727,
          0.025454545454545455,
          0.05090909090909091,
          0.10909090909090909,
          0.04363636363636364,
          0.05454545454545454,
          0.02909090909090909,
          0.05090909090909091,
          0.02032520325203252,
          0.03587443946188341,
          0.019138755980861243,
          0.030927835051546393
        ],
        "station_mean_width_m": [
          0.0017057854768883609,
          0.002055805461438881,
          0.0024249915223441675,
          0.0036199517681009393,
          0.002432596543994309,
          0.0049960643833672465,
          0.005483219499403441,
          0.004262507107405161,
          0.011010339980309997,
          0.007016189799178391,
          0.00478221727958457,
          0.008511171703650193,
          0.018001673833149566,
          0.006887077499731358,
          0.013465029161592777,
          0.010705431085418575,
          0.012489852284335278,
          0.012956493814680272,
          0.013986504015266361,
          0.012340922487462965,
          0.018061818916485017
        ]
      }
    },
    "model_name": "recurrent_conditional_gan",
    "observed_value_count": 5547,
    "s_grid_m": [
      0.0,
      5.0,
      10.0,
      15.0,
      20.0,
      25.0,
      30.0,
      35.0,
      40.0,
      45.0,
      50.0,
      55.0,
      60.0,
      65.0,
      70.0,
      75.0,
      80.0,
      85.0,
      90.0,
      95.0,
      100.0
    ],
    "sample_count": 8,
    "scenario": "latent_autoregressive",
    "schema_version": "1.1.0",
    "sequence_count": 4,
    "station_metrics": {
      "crps_m": [
        0.017441211751794816,
        0.01977877605109825,
        0.02468896121456055,
        0.02622481288982354,
        0.03221548169801694,
        0.03828734356886178,
        0.035128400673208736,
        0.04049738728073201,
        0.05029810714841006,
        0.06062867772768103,
        0.07502683902453017,
        0.06505204302041834,
        0.07091420057173806,
        0.0755585148340271,
        0.08382787619130051,
        0.09798050212848466,
        0.11918406262078365,
        0.14651197803879207,
        0.12163995142927969,
        0.15697696260145963,
        0.1571696994357536
      ],
      "observation_count": [
        275,
        275,
        275,
        275,
        275,
        275,
        275,
        275,
        275,
        275,
        275,
        275,
        275,
        275,
        275,
        275,
        275,
        246,
        223,
        209,
        194
      ],
      "predictive_mean_mae_m": [
        0.01773923684983112,
        0.020146658912708518,
        0.025133898487071166,
        0.02688349351048766,
        0.032654948843694666,
        0.03921210657728476,
        0.036110769546278544,
        0.04126678171237224,
        0.052220923827633006,
        0.0618950350873638,
        0.0758950735983407,
        0.06656846107684859,
        0.07402002394724233,
        0.07680171219446823,
        0.08623450280786281,
        0.09994180169258139,
        0.12145054558508987,
        0.14893111743222698,
        0.12413934338394127,
        0.15924013312418642,
        0.1604781770921485
      ],
      "predictive_mean_rmse_m": [
        0.025600505472834233,
        0.02996660845109814,
        0.0362425302229894,
        0.04084997265963394,
        0.049225479294263935,
        0.056418001932590035,
        0.05454405563382787,
        0.0606653941966616,
